0.0000000 0.5841105856930 1e10
0.0001000 0.5841105856930 24756866 
0.0010000 0.5840968886051 947308 
0.0050000 0.5837736185172 42516 
0.01000  0.582851       13337
0.01500  0.581515        7857
0.02000  0.579904        5893
0.02500  0.578106        4961
0.03000  0.576172        4459
0.03500  0.574138        4163
0.04000  0.572024        3983
0.04500  0.569847        3878
0.05000  0.567618        3824
0.05500  0.565347        3805
0.06000  0.563039        3814
0.06500  0.560701        3846
0.07000  0.558336        3895
0.07500  0.555947        3963
0.08000  0.553538        4048
0.08500  0.551111        4147
0.09000  0.548668        4261
0.09500  0.546210        4392
0.10000  0.543739        4537
0.10500  0.541255        4703
0.11000  0.538761        4886
0.11500  0.536256        5091
0.12000  0.533741        5317
0.12500  0.531217        5569
0.13000  0.528685        5853
0.13500  0.526145        6162
0.14000  0.523597        6512
0.14500  0.521042        6906
0.15000  0.518480        7347
0.15500  0.515912        7849
0.16000  0.513336        8417
0.16500  0.510755        9063
0.17000  0.508167        9807
0.17500  0.505574       10669
0.18000  0.502975       11661
0.18500  0.500370       12826
0.19000  0.497759       14199
0.19500  0.495143       15850
0.20000  0.492522       17852
0.20500  0.489895       20297
0.21000  0.487263       23384
0.21500  0.484626       27147
0.22000  0.481984       32202
0.22500  0.479336       38653
0.23000  0.476683       47461
0.23500  0.474026       60202
0.24000  0.471363       78779
0.24500  0.468695      108913
0.25000  0.466021      160219
### refine ###
0.2550000 0.4633431843250 252461 
0.2600000 0.4606598854965 474251 
0.2625000 0.4593163246581 716966 
0.2650000 0.4579714880841 1211018 
0.2670000 0.4568946994256 2099338 
0.2690000 0.4558170927096 4501324 
0.2700000 0.4552779823186 7623729 
0.2710000 0.4547386671162 15519790 
0.2720000 0.4541991469539 45241106 
0.2725000 0.4539293099866 98773498 
0.2730000 0.4536594217402 233105886 
#0.2731000 0.4536054379319 258260015 
#0.2732000 0.4535514520748 270984918 
#0.2733000 0.4534974641667 266888560 
#0.2734000 0.4534434742067 246483584 
0.2735000 0.4533894822010 214946829 
0.2740000 0.4531194913435 89359898 
0.2750000 0.4525793556375 23353736 
0.2775000 0.4512281173196 4319997 
0.2800000 0.4498755928981 1729763 
0.2850000 0.4471666766557 570210 
0.2900000 0.4444525873513 278875 
### refine ###
0.29500  0.441733      180282
0.30000  0.439009      111494
0.30500  0.436279       77851
0.31000  0.433544       56725
0.31500  0.430804       43946
0.32000  0.428058       35103
0.32500  0.425307       27976
0.33000  0.422551       23253
0.33500  0.419789       19332
0.34000  0.417022       16445
0.34500  0.414249       14085
0.35000  0.411471       12264
0.35500  0.408687       10736
0.36000  0.405898        9455
0.36500  0.403103        8404
0.37000  0.400302        7505
0.37500  0.397496        6740
0.38000  0.394684        6030
0.38500  0.391867        5518
0.39000  0.389044        5016
0.39500  0.386215        4575
0.40000  0.383380        4190
0.40500  0.380539        3863
0.41000  0.377693        3537
0.41500  0.374841        3280
0.42000  0.371983        3020
0.42500  0.369119        2795
0.43000  0.366250        2590
0.43500  0.363375        2406
0.44000  0.360495        2237
0.44500  0.357609        2082
0.45000  0.354718        1941
0.45500  0.351822        1812
0.46000  0.348922        1697
0.46500  0.346018        1594
0.47000  0.343111        1513
0.47500  0.340205        1470
