 1, 0.0, 0.0, 0.0, -7.79069632011096e-7, -3.22018213921395e-8, -0.00533203059202965, -5.95211953186116e-8, -0.00372848004379872, 4.2837871669466e-8, -6.46716711785912e-7, -2.57769373858766e-4, -1.97511708713588e-6, 3.46398797254838e-4, 5.20936190639637e-6, -0.00100170691232426
 2, 0.0249999999999998, 0.0, 0.0, -4.61719927168194e-4, -3.82513844546866e-4, -0.00490535927376463, -0.00207807079894991, -0.00167714992677791, -9.96446648921333e-6, -1.91465599946572e-4, -2.01264049313161e-4, -1.96399997307169e-5, -4.34332548236593e-4, -0.00160604575565234, -0.00290589526400287
 3, 0.0499999999999998, 0.0, 0.0, -1.31896142004925e-4, 3.66835596983993e-4, -0.00190232029603545, -0.00225857800509042, -0.003029372091537, -0.00258250194048462, -0.00136033183306443, -5.1459995667854e-5, -7.1847395550875e-4, -8.34089627181661e-5, -4.36771316472928e-7, -9.55217387568355e-4, -0.00465997004075465, -0.00738879899670367, -0.0024201154063815, -0.00763418898323995
 4, 0.0749999999999998, 0.0, 0.0, 2.57433526926604e-4, 2.73794909129876e-4, -0.00430899357969844, -0.00398404338709453, -0.0013103557585698, -0.00312219398727314, -0.00113269578459181, -1.55785868656244e-4, -0.00152381748773606, -2.00413660384988e-7, -0.00510591541313433, -5.77420376481416e-4, -0.00362892647902847, -0.00283089205521235, -0.00221758064607393
 5, 0.0999999999999998, 0.0, 0.0, 8.06452657323057e-4, -5.71486449884911e-4, 0.00382985648959969, -0.00425953242592942, -0.00437987281627777, -8.19180114516569e-4, -0.00371366847514775, -9.50485491063746e-4, -4.19203435082041e-4, -0.00735159478868516, -0.00248929858561258, -1.16060425447249e-4, -0.00435764155214022, -9.66934516617606e-4, 0.00431622946817463, -0.00271186441104736, -5.94130386556549e-4
 6, 0.125, 0.0, 0.0, -3.21701168348219e-4, -0.00122305972369122, -0.00311636394340908, -0.00418661278206342, -7.81298778225783e-4, -0.00427461103036559, -7.94676781482777e-4, -9.11404440802408e-4, -0.00640057164076246, -0.00378035255355083, -6.74628714112042e-5, -0.00262468845736612, -0.006582015473871, -0.00738121767157724, -0.00227714965953425, -9.63871061811032e-4
 7, 0.15, 0.0, 0.0, 4.3177767758366e-5, -1.3226505770819e-4, -0.00209395785381884, -0.00413739855054585, -0.00117946149265487, -0.00466757131936657, -6.76231226163664e-4, -0.00111783886602733, -0.00521212368291653, -5.05549479459599e-4, -0.00474327362183076, -0.00611369102923433, -0.0019832536899013
 8, 0.175, 0.0, 0.0, -6.47065271235875e-6, -0.0017081075874252, -0.00119192924231786, -0.0034813929254386, -0.00224470412949294, -0.00445678784587495, -5.65363732285929e-4, -8.10015911900525e-4, -0.00442294592135626, -0.00350701493101937, -0.00674800908429973, -0.00416717096436384, -0.00198077310186601, -0.00104249206802687
 9, 0.2, 0.0, 0.0, 9.1060192138012e-7, -0.00150308131156444, -4.98951633515492e-4, -0.00275809872679597, -0.00382501579810102, -0.00367415969979904, -4.68821164396063e-4, -5.20755485265472e-4, -0.00757416124128963, -0.00443432717494131, -0.00291018112566921, -0.00233744720300462, -0.00144254134784321
 10, 0.225, 0.0, 0.0, 2.91590706315976e-7, -0.00119946845790979, -7.6074277265965e-5, -0.00222887218397582, -0.00523389879031562, -0.00292542197100925, -3.96362334397915e-4, -1.35819852131881e-4, -0.00295355048370094, -0.00437777812614769, -0.00214200452794279, -0.00269874261469772, -0.00187117133253651
 11, 0.25, 0.0, 0.0, 2.36820356844866e-7, -7.98022450597836e-4, -4.28540881252579e-5, -0.00179488580262103, -0.00242386549874377, -2.62456420314416e-4, -0.00170580147187609, -3.27292432124136e-4, -0.00437481450823973, -0.00175952184578021, -0.00323546303175136, -0.00118870419823484
 12, 0.275, 0.0, 0.0, 5.10758632266466e-9, -3.00936100764972e-4, -5.48303917905189e-4, -0.00148158809511099, -0.00208352375274648, -3.50599700237657e-4, -0.00378801175327753, -2.69180648158509e-4, -0.00443907354138617, -0.00154580821370819, -0.00339908792033244, -0.00330707527639278
 13, 0.3, 0.0, 0.0, -7.32039787819857e-9, 3.2401574129626e-4, -0.00177616207920029, -0.00118732192477088, -0.00205249555937048, -1.15982849813913e-6, -2.30679357218658e-4, -0.00450626416139714, -0.001509843820381, -0.00374966198099159, -0.00252545042328558
 14, 0.325, 0.0, 0.0, -4.27008871796044e-7, -7.46744387740654e-5, -0.0031044572978012, -0.00375741666953875, -9.89396792568544e-4, 0.00134935074487801, -0.00233960613934707, -0.00330210100498642, -2.29437100481037e-4, -0.00445869145897911, -0.00157849352023809, -0.00470357007577715, -0.00557952841762896
 15, 0.35, 0.0, 0.0, 1.07398898683346e-7, 9.16495594377625e-7, -6.09370689908553e-4, -8.77211950421768e-4, -0.00272505057060358, -4.47989725691587e-4, -0.0043622065670849, -0.00188537526434275, -0.00518888861703818, -0.00667423124574892, -0.00424157729908056
 16, 0.375, 0.0, 0.0, -2.83786561160002e-8, -1.93957313874274e-8, 3.61500929463877e-4, -9.65848549793972e-4, -0.00237067187791805, -0.00481556230888995, -1.13754401870714e-4, -0.00236500224133057, -0.00574260257268523, -0.00388118147195647
 17, 0.4, 0.0, 0.0, 3.93348172473862e-8, 9.18820186844286e-8, 1.22278053517771e-4, -0.00141273310198454, 5.75264781208599e-4, -0.0020329007116496, -0.00498773567231075, -1.34077960912041e-4, -0.00326330896147843, -0.00574609867304943, -0.00263559657680419, -0.00382262914920843
 18, 0.425, 0.0, 0.0, 8.83974100926523e-8, -9.2446699405547e-7, -2.53837298514655e-5, -0.0032445922684607, -0.0013448531627106, -0.00162302352991373, -0.00536260262309513, -1.99688420317121e-4, -0.00538319038148656, -0.00547665173794512, -0.00340766973908566, -0.0040153598356691
 19, 0.45, 0.0, 0.0, 6.91734098421504e-8, -1.85473710472528e-6, 2.26294125048348e-6, -0.00358293377134786, -0.00240857604192545, -6.73484286321929e-4, -0.00428708739032319, -0.00107173050383892, -0.00579625062450449, -3.18813062544885e-4, -0.00390635950167077, -0.00526331960624451, -0.00256332342988115, -0.0035155587505475
 20, 0.475, 0.0, 0.0, 9.36949235178022e-8, 2.88659682304012e-6, 4.90254909456784e-6, 8.27277433257723e-7, -0.00192125602426162, -8.23180138309375e-4, -4.04728901733443e-4, -0.00623888040395646, -5.39297499349148e-4, -0.0019631630185821, -0.00551691736692465, -0.00392848082798743, -0.0038916762768873
 21, 0.5, 0.0, 0.0, 1.14083535365777e-7, 2.35342901107171e-5, 1.55123695409876e-6, -1.04008907446557e-6, -0.00255901418887499, -4.59246775324503e-5, -0.0068187823381005, -6.59320761066378e-4, -0.00560747576825279, -0.00178869226593028, -0.00125950679135569
