 1, 0.0, 0.0, 0.0, 0.463883356378228, 0.635214823953305, 0.640205991018944, 0.699538926579926, 0.700397340588253, 0.817055205050866, 0.863147926601107, 0.887874695236217, 0.942259344046768, 0.976002657884736, 0.984643077014211, 0.996808505252743
 2, 0.0249999999999998, 0.0, 0.0, 0.464421425236385, 0.635788648602917, 0.640233551248824, 0.69532799859576, 0.704771015615305, 0.81684760732916, 0.862602477512903, 0.888344845991377, 0.941352010928042, 0.970654062150445, 0.973037035712171, 0.984180713651169
 3, 0.0499999999999998, 0.0, 0.0, 0.0470514387505892, 0.049662955685225, 0.46616167168689, 0.637033118560554, 0.640568904493452, 0.690506481424183, 0.71031649646507, 0.816195504956771, 0.861122126397603, 0.889545472993664, 0.93837321185693, 0.948570074440556, 0.954295040534124, 0.963844677426537, 0.98433430393858, 0.999667758951394
 4, 0.0749999999999998, 0.0, 0.0, 0.0702683101101195, 0.07387604751897, 0.470080327793239, 0.636003225353675, 0.643826704772654, 0.686189268293765, 0.715909008102648, 0.814998442844718, 0.859042770503442, 0.890880918816962, 0.920472391158431, 0.923131122201344, 0.928817512150408, 0.934684710435156, 0.985582380032564
 5, 0.0999999999999998, 0.0, 0.0, 0.0910253083015192, 0.0984939339166511, 0.473816095697254, 0.475813480955064, 0.634824929979674, 0.647530673041477, 0.682435011216621, 0.721620826283688, 0.813007316471241, 0.818143990622367, 0.856703047684144, 0.890671807495676, 0.897209254261097, 0.900758233255791, 0.911316058547481, 0.93101231115306, 0.986595375400051
 6, 0.125, 0.0, 0.0, 0.105706184672877, 0.123753036409466, 0.480844885224564, 0.633334288712994, 0.651372880997321, 0.679475657851353, 0.727451178973601, 0.809625459953417, 0.815801212244008, 0.854291990862485, 0.87350113688399, 0.879890978983444, 0.889494492852319, 0.900438565328613, 0.928050184011719, 0.990952506036298
 7, 0.15, 0.0, 0.0, 0.116916883791871, 0.14906557480379, 0.484898369172386, 0.631182031953294, 0.654904837919657, 0.677587737030947, 0.733400031215284, 0.804000025066225, 0.814639761535171, 0.847804165722944, 0.852496198595585, 0.903060921206829, 0.925645760556958
 8, 0.175, 0.0, 0.0, 0.126205155875834, 0.174750737680308, 0.488402617037545, 0.628684488643545, 0.657480625633564, 0.677551408355493, 0.739462067443265, 0.795983625562381, 0.812678688218305, 0.817309930658815, 0.852412779228923, 0.90369602927587, 0.92454032749899, 0.993891935758419
 9, 0.2, 0.0, 0.0, 0.13453014845764, 0.200114645005502, 0.491396987449343, 0.625686025593764, 0.658491238921325, 0.679752637713663, 0.745622111974401, 0.784814664412067, 0.799698441079729, 0.810465593172263, 0.902200174491355, 0.925408782396084, 0.995693392065996
 10, 0.225, 0.0, 0.0, 0.142360899005954, 0.225349317212165, 0.493802338447713, 0.622094291697465, 0.658101351072286, 0.683807316911421, 0.751882451445323, 0.769296827938432, 0.775324705211558, 0.807490226682533, 0.898766978083871, 0.92775689123127, 0.997271098129614
 11, 0.25, 0.0, 0.0, 0.14989889831074, 0.250397791995655, 0.495502859393048, 0.618035002532052, 0.688872394424535, 0.748599242590999, 0.750321355078556, 0.758298338648315, 0.804032464243992, 0.894128857696204, 0.931123942627103, 0.995831875041307
 12, 0.275, 0.0, 0.0, 0.157217985911053, 0.275203142390041, 0.496419652660175, 0.613494932400163, 0.694322475017364, 0.724466314753511, 0.729134600089483, 0.764737722837988, 0.800168638885149, 0.88876137498446, 0.934228392069927, 0.998752415147055
 13, 0.3, 0.0, 0.0, 0.164317936434816, 0.299342361600231, 0.496497817882698, 0.608613441733381, 0.699155211099648, 0.699234441140259, 0.771260150463091, 0.795862683403337, 0.882975934954221, 0.937691220149747, 0.998849943000555
 14, 0.325, 0.0, 0.0, 0.171149417439964, 0.317913447395426, 0.325109827769254, 0.495660558073564, 0.603357671489062, 0.659554688306222, 0.680455291536736, 0.706649224105724, 0.777861845810049, 0.791430481139455, 0.876831954175907, 0.940238148937578, 0.988911351519653
 15, 0.35, 0.0, 0.0, 0.177626516288408, 0.320667231950789, 0.350531515850248, 0.597568600166, 0.713034310079951, 0.784651679509785, 0.786204530681044, 0.870566360146976, 0.943493279732613, 0.952049553018801, 0.998190588007528
 16, 0.375, 0.0, 0.0, 0.183624633338664, 0.317763522079884, 0.373938859641152, 0.590928873374162, 0.719139272130782, 0.781360310603537, 0.791477855440779, 0.864070984810088, 0.945784241495953, 0.996313813119083
 17, 0.4, 0.0, 0.0, 0.188981839477549, 0.313977170186636, 0.39531416989407, 0.582935299019307, 0.609329531020836, 0.724996888810485, 0.776716458008588, 0.798175750158268, 0.857399408377069, 0.946677354202605, 0.965366994418098, 0.993249389931652
 18, 0.425, 0.0, 0.0, 0.193502218698092, 0.310400943927017, 0.412851883775705, 0.42557888542844, 0.570949093714721, 0.73052448637274, 0.771981755244264, 0.80493706275148, 0.849820522601995, 0.947988840991345, 0.966121850643243, 0.99072814751818
 19, 0.45, 0.0, 0.0, 0.196964467585149, 0.307521396293202, 0.42660510580564, 0.452005631830218, 0.460837593973182, 0.550241048740642, 0.556162113930739, 0.735453858960446, 0.767504352625005, 0.81168000807522, 0.837956182926999, 0.948694544548583, 0.969627128912752, 0.989122870716929
 20, 0.475, 0.0, 0.0, 0.19915266904616, 0.305646321819691, 0.435971756708949, 0.459462171834208, 0.474901725864336, 0.52494429267276, 0.739155558200238, 0.763953199138466, 0.81836847908779, 0.831533663423158, 0.949565481267908, 0.971785424259062, 0.986718033629653
 21, 0.5, 0.0, 0.0, 0.199902440341494, 0.304970424344849, 0.439625711390307, 0.458204158537642, 0.499791922557323, 0.740591171377275, 0.762256161133312, 0.824400901368563, 0.950473472822618, 0.965511438479018, 0.980850346905562
