0.00000  0.618149     1495429
0.00500  0.618283      174791
0.01000  0.618682       52913
0.01500
0.02000
0.02500
0.03000
0.03500
0.04000
0.04500
0.05000
0.05500
0.06000
0.06500
0.07000
0.07500
0.08000
0.08500  0.600934       57482
0.09000  0.601236       73254
0.09500  0.601536       87069
0.10000  0.601837       93842
0.10500  0.602138       89518
0.11000  0.602439       76415
0.11500  0.602733       62015
0.12000
0.12500
0.13000
0.13500
0.14000
0.14500
0.15000
0.15500
0.16000
0.16500
0.17000
0.17500
0.18000
0.18500
0.19000
0.19500
0.20000
0.20500
0.21000
0.21500
0.22000
0.22500
0.23000
0.23500  0.474062       61753
0.24000  0.471398       80084
0.24500  0.468730      108263
0.25000  0.466056      149724
0.25500  0.463378      223902
0.26000  0.460694      348843
0.26500  0.458005      520053
0.27000  0.455311      698485
0.27500  0.452612      639671
0.28000  0.449908      430219
0.28500  0.447198      262240
0.29000  0.444484      165857
0.29500  0.441764      117787
0.30000  0.439039       82138
0.30500  0.436309       62219
0.31000
0.31500
0.32000
0.32500
0.33000
0.33500
0.34000
0.34500
0.35000
0.35500
0.36000
0.36500
0.37000
0.37500
0.38000
