0	 0.576869629788697 0.584079047059477 0.591852708636787 0.592961569070159 0.618148539856832 0.684506003503817 0.685628615412573 0.793224675895381 0.797362593072352 0.807636920641194 0.807986580255029
0.005	 0.575069209871514 0.583753169758646 0.586768183101045 0.592958163310999 0.593155914073801 0.618282565451568 0.677990497716946 0.686008717065013 0.793027347116662 0.797564413904595 0.807936818887654
0.01	 0.568182337792336 0.574047606766895 0.582858429963177 0.586633021370358 0.59299700961368 0.593692382390102 0.61868177709885 0.679047526078211 0.684468860627548 0.690307187512172 0.792464677104345 0.794741697695451 0.807707909681591 0.808402734045264 0.838841403607517
0.015	 0.566906859061117 0.573580508251022 0.581545012759849 0.586685274673148 0.589563713634209 0.593039413244854 0.594396082941359 0.619336822774654 0.679492268465296 0.681949820695412 0.791609888427267 0.803875679936742 0.807216365851884 0.809283751929464 0.838859472363849
0.02	 0.573263588954977 0.57994778529968 0.58672007481776 0.591699165807292 0.593114944092305 0.595140437339718 0.620232016335645 0.671547092519373 0.678248263040358 0.68424960368043 0.686550125228931 0.700102447155227 0.790537165798112 0.806439979222867 0.810383580769348 0.839006608725684
0.025	 0.563783462162594 0.573206569332125 0.578156614229307 0.587121639739849 0.593026385027034 0.595857847299619 0.621347080109882 0.666619304537982 0.789308433292856 0.805497928437698 0.808273214105149 0.811667649555856 0.840175172445046
0.03	 0.57622722670678 0.586806717147923 0.593140856723476 0.596519633517258 0.622658322756032 0.663730124450132 0.684623680568599 0.787971083274444 0.804572791731625 0.813058514225854 0.841163286980368
0.035	 0.574194375981487 0.586803256117163 0.593234197279026 0.597116982751005 0.624140709024746 0.66797228168071 0.686774323780063 0.786558105646246 0.803518559046026 0.814524364587438 0.842300162477258
0.04	 0.555677855360302 0.572081601523784 0.586890246807941 0.5933322864222 0.597652264975356 0.625769633949358 0.655947729460266 0.690947603175577 0.785091350254634 0.802353014745687 0.816050056697421 0.843457941308868
0.045	 0.56990474570001 0.587014203569309 0.593439563121448 0.59813269370042 0.604370544474015 0.627521785434859 0.654207989268398 0.654476732005189 0.685075405189302 0.688498645883341 0.715030469862376 0.783584889093681 0.801107901182356 0.817625182044974 0.844838487918031
0.05	 0.551672717199776 0.567675987462048 0.587146475004103 0.593558127736957 0.598566996096644 0.629376681829684 0.685392051662938 0.719343452079623 0.782052245453271 0.799792412429798 0.819232029308344 0.846198273546745
0.055	 0.550500206644617 0.565404097616169 0.572999520959753 0.58724119051003 0.593688375096775 0.598963965205967 0.631316013222276 0.646576089161653 0.685452989251721 0.722537635678 0.780499729687293 0.798422641228438 0.82086561774823 0.847637182889068
0.06	 0.563095822927675 0.573117226650732 0.587324507405275 0.593830462799512 0.599331585184543 0.633323445972543 0.644191664092133 0.691688912561031 0.7258616398518 0.778932395863261 0.797010260833562 0.822521526587991 0.849142700127885
0.065	 0.560756597329976 0.573245315434326 0.587452387363591 0.593984207002703 0.59967678842122 0.635382043091298 0.639665741231467 0.685911592800983 0.690796032321034 0.729002707908646 0.777353738770882 0.795560891593145 0.824196380169961 0.850704133347743
0.07	 0.543342768066769 0.558390666271498 0.573579535505245 0.587833986232611 0.594149893915512 0.600005362388362 0.636618695904663 0.637468799062399 0.684740553333568 0.687340426124012 0.732191719311906 0.775767843587895 0.79408033516438 0.825885242491907 0.852278600132473
0.075	 0.556001446539879 0.587818614223055 0.594327308462309 0.600322056695002 0.633261859657847 0.635682346294697 0.639665222723762 0.691161537424835 0.735449763632968 0.738939177587099 0.77417620655473 0.792578013421515 0.827587092161619 0.853895670115804
0.08	 0.0549324123202309 0.537387157132839 0.553591792238293 0.573929238294476 0.588091453865636 0.59451645435876 0.600630740280627 0.629913212479462 0.630860184596826 0.6418936308186 0.687971222321447 0.738806096127977 0.741313183370214 0.772580511644492 0.791052005125707 0.829300663654777 0.855540330040203
0.085	 0.551163952868426 0.588232218323899 0.594717464233824 0.600934459168638 0.628508509227311 0.644143891427216 0.68929065775467 0.742075695699252 0.770982421550501 0.789512088648275 0.831023518300635 0.857216678729011
0.09	 0.0616871580853937 0.548719886566091 0.574296919031362 0.588355432629347 0.594930125247909 0.601235597649123 0.623205406509178 0.625854574933472 0.646415479962212 0.690685047648667 0.745407095700785 0.769382737340483 0.787958857274393 0.832755184014094 0.858916425617882
0.095	 0.0650868726969633 0.546261202800737 0.574552692918872 0.588546202435126 0.595154086735246 0.601535965878583 0.619763619239344 0.622299081240673 0.64870201415914 0.687599667013642 0.689880053232784 0.748692232590733 0.767781069673592 0.786392375846303 0.834494752847577 0.860629629703114
0.1	 0.0684655504362674 0.543789244520367 0.588866956362064 0.595388946116545 0.60183671892963 0.616826909993601 0.651002280380313 0.687534926181102 0.751951681877129 0.766181210771323 0.784815976564588 0.836241418681541 0.862354021862493
0.105	 0.0718799335685215 0.541305137792071 0.588914213358624 0.595634958105705 0.602138047330627 0.614655221036139 0.653313656108238 0.688361776906699 0.690986694476201 0.6934518847116 0.755318896528314 0.757694504846224 0.76457206770344 0.783231932668812 0.837994473979418 0.86410576578673
0.11	 0.0753141315306491 0.538809869371949 0.575376988690374 0.588942910288424 0.595891091677226 0.602438876678036 0.609554439813021 0.611514410080289 0.655634168544273 0.688641546143623 0.691878871670387 0.758521868545121 0.762935693505863 0.781641197717153 0.839753762956017 0.865875486875312
0.115	 0.53630426086426 0.588736227952612 0.596156204318426 0.602733407142766 0.60609484267003 0.608477051690121 0.657962197578433 0.689035866622141 0.691397671796171 0.761617437905406 0.761711275831771 0.780059221588273 0.841517051508587 0.867630619568006
0.12	 0.0820852835342371 0.533789025707992 0.575821492097971 0.589048448179577 0.59642813729012 0.602728959187653 0.603025467210565 0.60522944234214 0.660296038640042 0.694171782667489 0.759953753797645 0.764900097718368 0.778456837061605 0.843286156490228 0.869403858184582
0.125	 0.0854909191622912 0.531264791415323 0.576187933619424 0.589352611910006 0.596697615427921 0.602712529148319 0.603353393171688 0.662634296716825 0.689926241315017 0.693923387270192 0.758319621495608 0.768191388854795 0.770486368480405 0.776842770888465 0.845060140305132 0.871188256395043
0.13	 0.0888990797539965 0.528732094153217 0.576278261062077 0.587994084286741 0.596901851120893 0.603730461757827 0.664975703792425 0.690345499000809 0.692789082667084 0.756716368925349 0.771857229789981 0.775195759884395 0.846838327779698 0.872978395411628
0.135	 0.0922991049614188 0.526191369597782 0.576915503583363 0.589251219919602 0.597265856925141 0.604120387921313 0.667319070205812 0.689802353215197 0.691944920094623 0.755126254574475 0.773621338485746 0.774460206694561 0.775559037101717 0.848619184264123 0.874756804702719
0.14	 0.0956696206607868 0.523643043111173 0.577252782774092 0.590305322932641 0.597643932911328 0.604516465331656 0.669663010773032 0.691547194440353 0.753541678606564 0.772064158793109 0.777444884963424 0.782155401370135 0.850403523966991 0.876504833026296
0.145	 0.0990816369625326 0.521087443391861 0.577464844763063 0.587898815810468 0.598008479114229 0.604916873083509 0.672006377100265 0.692541128415206 0.75196253022865 0.770501989848424 0.780609231942054 0.784122604018192 0.852190100945643 0.878094012295659
0.15	 0.102483098012655 0.501006249376734 0.518524883474641 0.577790529321813 0.585039724444752 0.598393083781287 0.605328017515579 0.674347961551617 0.690704597389573 0.693816328571683 0.750388828760274 0.768928842767284 0.783669528007914 0.78598450006347 0.852433160503961 0.853981066594212 0.879426314025115 0.88232514954099
0.155	 0.105866292931875 0.515955639270733 0.578277760384571 0.582063873245239 0.598782903851383 0.605746959600002 0.676686197043008 0.692851724863503 0.695440395785776 0.748819014879175 0.767359929928284 0.786787879811561 0.790687096369784 0.853825777927297 0.855768156345364 0.879940199319833 0.882619723235512 0.891883276188524
0.16	 0.109257930052875 0.513379927229944 0.578358430208243 0.599183763038106 0.606173576266433 0.679019892205876 0.693171154863418 0.694649432105938 0.747254424269438 0.765797266828141 0.789821942307327 0.794032754270488 0.857547874005746 0.879647801950908 0.883644603723662 0.888998361667539
0.165	 0.112626311851684 0.510797970091906 0.574482421145656 0.578779041311291 0.599596404788915 0.606609174507386 0.681346945401863 0.695361727463195 0.745694152482299 0.764240224263365 0.792858812025837 0.797384801811359 0.859314949678603 0.87817295482623 0.88533341195702 0.887450335547581
0.17	 0.116024293348281 0.508209917080036 0.577177664710969 0.600018530067777 0.607053705294759 0.683665116713381 0.694520658373054 0.696489800597455 0.744138547125435 0.762688629901199 0.795861502359146 0.800946175171728 0.8610431450244 0.871749967463373 0.885051332418885 0.887672126965854
0.175	 0.11940186637419 0.505615983813281 0.564861601878248 0.57974403274463 0.600450519610997 0.607507318513897 0.685971427455712 0.695053641400765 0.696698940402585 0.742587356558367 0.761147544711348 0.798805022998785 0.804134769618269 0.86180299655618 0.862663814172966 0.869650503388548 0.888922070401139 0.999301614413093
0.18	 0.122779311036585 0.503016219778667 0.5622029606295 0.562223143412453 0.596921882055769 0.600893756460083 0.60796963681664 0.688261731778439 0.695637353237657 0.698052049182697 0.741040861901218 0.759611973564274 0.801785072572101 0.807848811257646 0.86399547960297 0.867994251225845 0.886864622044021 0.890803075986001 0.996891933795352
0.185	 0.126115674343759 0.50041079054172 0.558567200329175 0.560490575826744 0.591666348689822 0.601347135359346 0.608441357037115 0.690529470089812 0.696378343044776 0.698399040936471 0.699157370087774 0.739498595750196 0.758087784098689 0.804753743600902 0.810671546474128 0.864762432766329 0.868412444359835 0.88447423139974 0.8929131023067 0.994476340479078
0.19	 0.129517418060939 0.497799801956503 0.554976591185756 0.581859884298947 0.594015676075126 0.601811712694601 0.608922136542159 0.692763769870746 0.697185827492934 0.699940359933583 0.737962151309452 0.75657279811893 0.807726662457862 0.814365604256277 0.864249968558869 0.865874101239974 0.868337532436655 0.881810212351531 0.886726990233637 0.894610935819108 0.992106304693134
0.195	 0.132836859733107 0.495183386115669 0.553513056448722 0.602287049742693 0.609412387117992 0.694941842244244 0.697976542278946 0.700834916261136 0.736430103507691 0.75507264497568 0.810674508517504 0.817690290126017 0.862469619466445 0.866192757384101 0.870330923942016 0.880718458057896 0.896610816430203 0.989754120914942
0.2	 0.13623975842467 0.492561487950296 0.547649598931536 0.551940586300979 0.582756173437723 0.595394312178511 0.602772738565183 0.609911621458591 0.697001700684665 0.698239812408627 0.69898730206866 0.701628681754544 0.734904499649422 0.753590434949261 0.813593817138056 0.821331587835949 0.860688874682238 0.865755035560433 0.872205326124513 0.877894497749574 0.898493056665409 0.987408308894396
0.205	 0.139525163588538 0.489934313749488 0.546306458677366 0.584041659503875 0.590170364141217 0.603269087300195 0.610420297517973 0.698714585648601 0.699993961012652 0.701565253749309 0.702915538354134 0.733382606498751 0.752128539330677 0.816462999235562 0.823705361946709 0.8587393162002 0.864815934402776 0.87407347734822 0.900407719652619 0.985054320957756
0.21	 0.142481380579246 0.142936199053131 0.487301835220964 0.541486559895428 0.543060832992568 0.583566680736111 0.597309987359313 0.603776605630481 0.610938184999425 0.699829431553374 0.701508150847809 0.702170926476394 0.70370486936086 0.731867006932017 0.750681826288279 0.819397015210139 0.857003002026775 0.863457470141742 0.873878312620321 0.875828272287172 0.902370082480705 0.982703082194477
0.215	 0.14617561979761 0.484664153037779 0.542705899513221 0.584678417180156 0.597281903658901 0.604294734917974 0.61146531814591 0.700655140181632 0.703147269170572 0.704795413204361 0.709530729834604 0.730353758883 0.74926838102599 0.822251517041499 0.855400922944037 0.861861986476378 0.871427680269593 0.877616033695294 0.904260302933421 0.98034631009581
0.22	 0.149475442250344 0.482021249377468 0.584678412702436 0.599876939633368 0.604823540268469 0.612001680000842 0.701413784556086 0.70410775330788 0.706660097205883 0.710322605420744 0.728845415587961 0.747886579892095 0.825100546228359 0.838380743387454 0.853570348447092 0.860299715419192 0.879458315805992 0.906176602779612 0.977994564433284
0.225	 0.152756580528777 0.479373200352621 0.53142977066278 0.531441912691471 0.585452379153902 0.599645524141576 0.605362567723036 0.612547168185142 0.691157060384467 0.702165946079424 0.704895372951962 0.708716585271894 0.710975485605093 0.72734458639386 0.746543872289055 0.827888749422868 0.839195427317432 0.851780198342327 0.858899607714164 0.8813057423092 0.908092860958523 0.975666731471181
0.23	 0.156089383157335 0.156238835258671 0.476719998107491 0.527487158754638 0.59961201279856 0.605912421227093 0.613101719448053 0.691383967034495 0.70290503324547 0.705661374332085 0.710859863241322 0.71142163338253 0.725852514535448 0.745253818585346 0.830736919862683 0.850658302334702 0.865995481216122 0.883158824898142 0.910049024199094 0.973308357096581
0.235	 0.159249430239687 0.160080370405363 0.47406170734495 0.530651789901046 0.586351979388794 0.599457387459705 0.606472676654154 0.613665321653681 0.703681805180747 0.706443400743626 0.711847298184638 0.71315004341112 0.724365788905391 0.744035887756464 0.833474495623925 0.848619690406863 0.86286693878386 0.885011988207954 0.911967739797982 0.970943567096866
0.24	 0.162468318059587 0.163646705445423 0.471398343490429 0.522046017859238 0.587458221891905 0.600759593992523 0.607043422063432 0.614237876451265 0.695489036962525 0.704441221671834 0.707191933788556 0.712246059350017 0.715300029935752 0.722873603754933 0.742913195934647 0.836130692162923 0.84656865991757 0.860667531287718 0.886870131038143 0.913898340359896 0.968616846632645
0.245	 0.165707697596894 0.167224607124315 0.468729833150251 0.517622672302151 0.58786618671487 0.601720532258831 0.607624568190259 0.614819204640408 0.705201592952321 0.70790739311255 0.712697870268604 0.717230656115402 0.721374257641141 0.741917869579838 0.83845229264948 0.846012948769797 0.856969555672039 0.861577233202759 0.888730897149159 0.915810769102465 0.966250329298895
0.25	 0.168955321762573 0.170714401995267 0.466056237086008 0.51403760030533 0.588468671602189 0.601999374467089 0.608216070134636 0.615409246963185 0.70596033851456 0.708570848321296 0.71287891473232 0.718980551309555 0.719874564858197 0.74109548939885 0.839902316396218 0.844939838489037 0.857999041112495 0.890593836207107 0.917751440865913 0.963902840258606
0.255	 0.172206789088382 0.174264373936672 0.463377621024933 0.51088556269332 0.589235714632226 0.602996482953562 0.608817740811052 0.616007899856745 0.706649875173893 0.70896219162867 0.713713756349801 0.718465412306833 0.720486409593579 0.740520542489352 0.839611419505441 0.845601538171888 0.892459648478218 0.919670066408709 0.961558041267484
0.26	 0.175461074289387 0.177746105651927 0.460693836521409 0.507302599474548 0.589880225768497 0.603386567825787 0.609429482275839 0.616614970782934 0.707418521421058 0.709789397529319 0.714801392662501 0.716977079775653 0.721684174544081 0.740248712824443 0.848368835329586 0.853414420829247 0.860056751880049 0.894328112147318 0.921632000845208 0.959196278109734
0.265	 0.178712677576047 0.18125478517049 0.458005023864933 0.504823766722195 0.59051176363189 0.603778295178959 0.610051299787526 0.617230341535127 0.706110323633406 0.708187626619552 0.710697997799078 0.715314227576338 0.722477024455589 0.740395455041781 0.85037232723669 0.896197750495872 0.92353178401597 0.956853142857882
0.27	 0.181964851991008 0.184772028428929 0.455311015943427 0.500397042142069 0.591190298505297 0.604235516034114 0.610683200461953 0.617853858016684 0.709097852615191 0.711383610250363 0.714180694683541 0.722862812646225 0.729318167599426 0.740961770797535 0.853208079271634 0.898072621569967 0.925520745994098 0.954488924856884
0.275	 0.185213059653608 0.188267533990077 0.452611938375136 0.497167516174967 0.591900266640796 0.604930006105872 0.61132450965521 0.618485321320988 0.709488046062356 0.70987055782878 0.711684060995665 0.713742508554718 0.718686226760413 0.722845774895706 0.741950314341205 0.848094514472046 0.856179316660931 0.871645682854725 0.899950077077249 0.927466425094646 0.952135580119021
0.28	 0.188457716817697 0.191778915609733 0.449907720099645 0.493612705581463 0.592526111498427 0.605679949764388 0.611976251038477 0.619124559383821 0.709787201499629 0.711732233401774 0.71563565485427 0.722444464415629 0.743246680016213 0.859134196937781 0.901833358738718 0.929458291591438 0.949810286233595
0.285	 0.191697503007307 0.195327374932061 0.447198390176976 0.491176924228022 0.59351003415374 0.606507040491942 0.612636604194923 0.619771338683108 0.709034149450713 0.712368585205442 0.714915523731435 0.72011288533549 0.721822338589332 0.744939927285512 0.842228062713144 0.861638009522587 0.87876634018399 0.903712915778828 0.931369705846847 0.947437505404775
0.29	 0.194932934403138 0.198793711429319 0.444483850566037 0.491427662296149 0.607350469882519 0.613306951782885 0.620425451666728 0.707914469921889 0.713202619695855 0.715715395930358 0.720183080222299 0.721789842001318 0.746754465242368 0.864499810256247 0.905597593719622 0.9333209514681 0.945094917370156
0.295	 0.198164485841197 0.202301143069442 0.441764075499418 0.483473515410029 0.59461902055668 0.607461714849194 0.613986638972746 0.621086571480251 0.706685644614385 0.714119427046847 0.716456398900869 0.719733993031702 0.722266407440063 0.748719034869008 0.838279100722035 0.867339573265618 0.887437439302349 0.907483863215284 0.935281666511515 0.942765099018006
0.3	 0.201389515642522 0.205649767091158 0.439039117095461 0.479876559255661 0.595575687977299 0.608025394812017 0.614675474227547 0.621754532320676 0.705412906722344 0.714714005419919 0.714975788425823 0.716983308126721 0.719547365767558 0.722547351016685 0.750788001193562 0.869981469030011 0.889483278880813 0.909367687029484 0.937267867636724 0.940357416833413
0.305	 0.204610089000794 0.209169485417389 0.436308935418571 0.476630560096869 0.596256643914395 0.608245277681377 0.615373165776922 0.622428951345096 0.704119810703915 0.715628573634281 0.717212221621777 0.71945632466132 0.722266549157916 0.752930536366679 0.872639751451603 0.892967705458003 0.911255835490655 0.93726052833027 0.94001024043722
0.31	 0.207824668535689 0.212624740778232 0.433573476724394 0.473080113749648 0.596983607753848 0.608910420668817 0.616079674476309 0.623109638537056 0.68561092478458 0.702817464460473 0.715675037002602 0.716728978852928 0.717649554742797 0.720531736248815 0.723115507881537 0.755130685142752 0.833640111583508 0.875296172106005 0.913149526083047 0.935197361182859 0.941595052351092
0.315	 0.211033643830313 0.216038471216261 0.43083274525371 0.597849323133208 0.609811705837845 0.616794832769957 0.623796192570533 0.70151167302464 0.715046285507994 0.717714330550625 0.718506553368025 0.720700126355342 0.75737471680995 0.878245782829213 0.900565384546947 0.915051100807685 0.932964799863548 0.943450553752188
0.32	 0.214236369087834 0.219489002929318 0.428086649392679 0.598699785358188 0.610515458253525 0.617518353294242 0.624488241961811 0.700206514078236 0.71416094255537 0.719697714437682 0.720396098072234 0.759647438922598 0.880903244371956 0.916940451961372 0.918331598894159 0.930661932274365 0.945372861436398
0.325	 0.217432947612637 0.222938070205859 0.425335229556492 0.462927195589773 0.599345404237748 0.610888499419059 0.618250083728037 0.625185346161611 0.698903792646085 0.713165977211553 0.719581852912745 0.720563400886402 0.722134206748318 0.761940879166712 0.827291362665953 0.883591532573137 0.904318819673476 0.918881881827475 0.928330704037293 0.947299377226296
0.33	 0.220623284771711 0.226453141259901 0.422578459456382 0.600141673103321 0.611568965850654 0.618989685092728 0.62588715805262 0.697605417582542 0.712112269147821 0.721903203521688 0.722154987171605 0.764255094519161 0.827961360311766 0.886321384412875 0.916824643123117 0.92076649130543 0.925989953119922 0.949245199511785
0.335	 0.223806975513121 0.229835982685796 0.41981620247741 0.455999942769652 0.600955240281626 0.612139993652329 0.619736960726278 0.626593178442919 0.696312625054473 0.711024433934568 0.723059046546633 0.723067398427974 0.766584198679247 0.822128738138941 0.888785520562685 0.914251684778277 0.922621403909231 0.923740017168274 0.951230405782319
0.34	 0.226984454315437 0.23333130157588 0.417048538442249 0.452655846492025 0.612797952548051 0.620491646705123 0.627302898244944 0.695026478246474 0.709916248447703 0.723764465303786 0.768926200552934 0.804618430114574 0.823681967050506 0.891479355902962 0.915469813514589 0.921292654188847 0.924559930692719 0.953182939789414
0.345	 0.230155261531407 0.236724102414079 0.414275402375678 0.44928774783771 0.602620193422733 0.61344806129105 0.621253308910648 0.628015797043034 0.677548287149963 0.693747724694737 0.708796222676731 0.724534642646673 0.725692497971452 0.771276456392973 0.819925509954843 0.894034456365114 0.918938488458211 0.923369615698198 0.926511098295834 0.955103021609829
0.35	 0.23331908910013 0.239913777223431 0.411496725573265 0.603505593406975 0.614155909815183 0.622021712078093 0.628731247481009 0.692477173039611 0.707670926961556 0.725135506551257 0.727272346187418 0.773636386680287 0.814532328958905 0.896589744830566 0.916554171098844 0.922844392409047 0.92631122425222 0.928467391806291 0.957057204575033
0.355	 0.236476439721179 0.243254281444868 0.408712597249043 0.442351017244577 0.604306901724954 0.614751612411167 0.622796351663634 0.629448608184282 0.691215477009951 0.706544945403381 0.726525427342816 0.728353030751345 0.776002404102287 0.819118454400452 0.899621937109381 0.914216780069237 0.92433933472835 0.930284852850401 0.959037295768624
0.36	 0.239627425209474 0.247054611650886 0.405922866992077 0.438902942871291 0.605213732106078 0.6154709860179 0.623576949683362 0.630167191861664 0.689963600949067 0.705421591455372 0.724773929446209 0.778376259904663 0.810212417873392 0.901839516353683 0.911770330738594 0.932198641053453 0.933396376228595 0.961072292531919
0.365	 0.242771251687598 0.2505328474872 0.403127528614591 0.435526701964731 0.606097277562459 0.616111031325817 0.624362898290025 0.630886184784757 0.688721709651248 0.704304350550823 0.731222667518773 0.780752496323082 0.812294982891635 0.904332463604901 0.909452505397762 0.932977231965728 0.934266952283543 0.963039785094562
0.37	 0.245907985009753 0.253179297263651 0.400326684174091 0.434310433269371 0.606896394392635 0.616746937597825 0.62515377549266 0.631604763980984 0.687490972700742 0.703195447772831 0.731678567500595 0.783135400303573 0.811070317749954 0.907096769149008 0.936168398352432 0.936418771303433 0.965023063168179
0.375	 0.24903822444325 0.25691256574271 0.397519958808247 0.42875184754322 0.607923357187471 0.617516631460076 0.625948959230956 0.632322036021507 0.686271991863057 0.702097252623604 0.733312095406082 0.785522137213757 0.808785065391752 0.904716650330007 0.909589840227377 0.93820050624125 0.939730788171408 0.942869107400717 0.966837275130564
0.38	 0.252161820718381 0.260511506516697 0.394707826944729 0.4295454784238 0.608818924999137 0.618077305259918 0.626747722731702 0.633036915822021 0.685065365861236 0.701011921932234 0.732411066925009 0.734449666871036 0.787915729930943 0.902345011689144 0.91230989859847 0.940156532801168 0.968947807701498
0.385	 0.255277878723033 0.263970649473666 0.391889546470569 0.421691410412356 0.609834859614393 0.618921465652952 0.627549457695127 0.633748384830622 0.683872189805413 0.699941492035435 0.735969621674228 0.790311181120444 0.797487592695344 0.805697432540445 0.899975526972703 0.91471940557063 0.942112425454534 0.946443923940643 0.970781083001672
0.39	 0.258387740411601 0.268144088474821 0.389066125763209 0.418778583593792 0.61070761664166 0.619494617467029 0.628353189461305 0.634455138866299 0.682693185890217 0.698887879153563 0.736365451563835 0.79269987260279 0.798906328765237 0.897606499376355 0.917357000938212 0.94406701020361 0.972813802594918
0.395	 0.261489636520533 0.270303707827242 0.386236563311538 0.415023394628213 0.611639450198996 0.620189516469952 0.629157976352369 0.635155919448531 0.68152951061245 0.69785303661235 0.736813500343406 0.794961769139182 0.798932841299695 0.799805296436125 0.89523680604862 0.920132747896461 0.946024038670852 0.952734957408386 0.974791653455472
0.4	 0.264585769526146 0.383401391506266 0.41157115031035 0.612646916645772 0.620897137964695 0.629962812781811 0.635849247083958 0.680382375570154 0.69683893009449 0.738889544585882 0.796546262206268 0.798563397856733 0.892863649866398 0.922511951448204 0.947976654319253 0.976562287926436
0.405	 0.267674597051677 0.277827632919988 0.380560497867955 0.408211893821149 0.613574260553144 0.621522547607128 0.630766330837131 0.63653349995844 0.679252824966568 0.695847707430078 0.738855341292771 0.796175092187813 0.798618678003169 0.799547775907988 0.890490242806562 0.925009052073803 0.949931343562537 0.978465441663186
0.41	 0.27075467592048 0.280262357711885 0.377713661914449 0.404768516753196 0.61461665810931 0.622155522130842 0.631567237887499 0.63720696604234 0.678142471238546 0.694881517010535 0.741036602659257 0.79388302798745 0.798406148630499 0.801804959638549 0.888114424164408 0.927532502591267 0.951887447945782 0.98049716204009
0.415	 0.273829715818653 0.288570431175977 0.374861366060272 0.401867872562226 0.615511046828628 0.622734733579837 0.632363767514458 0.637867721168259 0.67705297453845 0.693942488892537 0.741258102859702 0.792049419681644 0.800632673534456 0.804278074436856 0.885742733786345 0.93029846071811 0.953848957393463 0.982705071514555
0.42	 0.276896459659019 0.288164816080444 0.372002913662608 0.39795319455296 0.616548286496828 0.623407743710295 0.633154053115045 0.638513735068731 0.675986560445218 0.693032958801045 0.743276584874514 0.746729345032057 0.790439024407438 0.792444151594903 0.798640294420262 0.80667049950491 0.883365714774711 0.932734714119246 0.955807785930407 0.984608925574886
0.425	 0.279955687482672 0.291576272041758 0.369138903688371 0.394474245980649 0.617548972350421 0.623996895319446 0.633935853842441 0.639142712795223 0.67494501426523 0.692155502014926 0.744756080799107 0.787395048389445 0.790621884406858 0.80908811079838 0.880991221954826 0.935291782986724 0.957771914466441 0.986470047885192
0.43	 0.283006683022248 0.294772122652914 0.36626934079434 0.618452635813011 0.624523378036444 0.634706559934392 0.639752218185835 0.673931230070943 0.691312763281882 0.745982541322198 0.787859487660762 0.788800076789051 0.81149246796971 0.878617507109849 0.937998070570026 0.959744118874302 0.988351998684052
0.435	 0.286051277272075 0.298438153527898 0.363393839371037 0.387640010940903 0.619525098693792 0.625100337181068 0.635463274630111 0.640339698759382 0.652687586382127 0.672948234245888 0.690507472690205 0.743963538769016 0.746803924294817 0.784456031181811 0.792472456639132 0.813894473841501 0.876237218824904 0.940495007033027 0.961705446517972 0.989892542153602
0.44	 0.289087185993349 0.301872543883488 0.360512991644217 0.3841923611451 0.62049524932385 0.62562010672057 0.636202372308033 0.640902261670969 0.651196349448712 0.671999457692595 0.689742673299762 0.748502264039704 0.784209763962399 0.78627984196511 0.816296732845803 0.87386554664427 0.943109407164797 0.963687372125031 0.989113384804424 0.992345532059135
0.445	 0.292112503080354 0.298960945564991 0.357626649825136 0.38072090283578 0.621478534551922 0.626123540615204 0.636919881964235 0.641437010450279 0.650042532813561 0.671088954871108 0.689021446217274 0.749628951054335 0.757856281333996 0.780572586681649 0.787481494101293 0.818696491146791 0.871493237307222 0.945368550996693 0.965657648202346 0.99508329614804 0.998157499527739
0.45	 0.295133413317425 0.308749249210368 0.354735231758936 0.377327322641925 0.622449089656127 0.626593031129472 0.637611048930399 0.641940776429565 0.670221543304598 0.688347012034791 0.750966038666323 0.78199758541889 0.782735819551256 0.821090270962388 0.869118753228669 0.948137525848136 0.967649307740477 0.996832829969557
0.455	 0.29814253735336 0.312189699835276 0.351838858375976 0.373872621399752 0.623364303918867 0.627020661838676 0.638270492049972 0.642410363130374 0.669402562046854 0.687722739661968 0.752112540315936 0.778847642207807 0.79007817987119 0.823480022919414 0.866744386001542 0.950753251808387 0.969633104621486 0.994708084230534 0.997731666854396
0.46	 0.301141059801041 0.31562369862747 0.34893809131715 0.370481017339275 0.624390394417643 0.627413528754308 0.638892010000592 0.642842454603655 0.668638099086714 0.687152052686651 0.753323057728598 0.778725634082451 0.778736430441856 0.825871244791775 0.864374988726887 0.953228422122704 0.9716297338167 0.99174439451315
0.465	 0.304127392560074 0.318981118400971 0.346033831738054 0.367046512092118 0.625246535097725 0.627780525119598 0.639468582670976 0.643233647465541 0.667935203421086 0.686638318302027 0.754856165502567 0.773110481815979 0.776776123488735 0.778741276530431 0.82825316698462 0.862007731065604 0.955586555892775 0.973635240793148 0.989424167560184
0.47	 0.3070988531528 0.323454053029117 0.343127024951483 0.363616945211691 0.62616738389505 0.628064805587992 0.639992551915957 0.643580255228736 0.667301492246371 0.686184889553916 0.756272742875637 0.773988146186364 0.776052058375677 0.830633193426038 0.859640690217963 0.95835672150308 0.975673894039721 0.986915844516843 0.99931791033155
0.475	 0.310050528583527 0.326574878415685 0.340220316635733 0.360190301610162 0.626930072686796 0.628380850093934 0.640455280161377 0.64388006385026 0.666745182548982 0.685794962395451 0.757575145042925 0.772886154515077 0.775280581939139 0.833002019487293 0.857282843472539 0.960977312179257 0.977778730231408 0.984349946985108 0.997546217549761
0.48	 0.312973135108247 0.32939919726571 0.337317452447056 0.356755682416524 0.62860556660165 0.640847769363302 0.642767701041832 0.644130644279216 0.666274530233665 0.685471409422635 0.758737095227426 0.771846101282109 0.835351265558098 0.854942890932788 0.963371255057193 0.980577211970161 0.995387878676101
0.485	 0.315845852272869 0.332017498235755 0.334440722679932 0.353167351477364 0.628936683249927 0.641157865594791 0.642050072811079 0.644327806941993 0.665898181680935 0.685216795422356 0.759879115646964 0.768398087419523 0.771831159499761 0.777996461558533 0.837670826645867 0.852632201903696 0.965732940641971 0.981511277598328 0.993543962358914
0.49	 0.31861433856682 0.33174284179147 0.336173894653909 0.348348366311317 0.628896559739545 0.641324658356968 0.641564287165778 0.644470276456849 0.665623054252037 0.685033390352601 0.760861749744953 0.765375802847401 0.769372440587071 0.839928194263071 0.850380164049269 0.968641238247278 0.97709104114448 0.983350812718307 0.99137207051025
0.495	 0.321077176120853 0.329317719306246 0.339677050096144 0.628980973341737 0.641571159837037 0.644556526217738 0.665455714345865 0.684922584840719 0.76154887641027 0.764495595761639 0.767360664075263 0.768705875117731 0.841966238754677 0.848344548379922 0.971663015744119 0.973871607896425 0.985479824450518 0.989315381798273
0.5	 0.322328903296347 0.328075659452138 0.343063186435666 0.628978240833996 0.641616530462784 0.64205242949163 0.644585194925412 0.665399081947497 0.68488569527702 0.761936407389456 0.766039916747198 0.766177463048609 0.843035242813071 0.847263002425546 0.973580422331391 0.986933964748788 0.987737980508727
