0	 0.00448981816063798 -5.35151529639342e-5 -2.62712559776336e-4 -1.77060507557903e-4 -2.06679355009818e-7 -9.86858750931955e-4 -0.00471262856089121 -5.95389026789385e-4 -0.00130304964437571 -0.00265838125478317 -0.00204346158396542
0.005	 -3.40618639420817e-4 -4.6100227352181e-5 -0.00119595057711241 -2.4229828760501e-4 -1.61375472772914e-4 -1.76862989043616e-6 -3.68013733424111e-4 0.00173961024130986 -6.06095754663551e-4 -0.00187183362163437 -0.0018288835950663
0.01	 1.01433453272872e-5 -1.2732265796084e-4 -4.20951461713261e-5 -0.00117522543536941 -1.95849625103541e-4 -1.49435355837139e-4 -5.84624352001778e-6 -1.29743677226603e-4 -4.95619805929017e-4 0.00114527374688576 -6.35259982909387e-4 -0.00366716281685643 -0.00189908365613591 -0.00173789252914301 -0.00524430424477402
0.015	 -6.91628781107275e-5 -2.70631897230853e-4 -4.56075634119364e-5 -0.00121289666134256 -6.13512843340935e-4 -1.997107086317e-4 -1.29038565408574e-4 -1.21617937291209e-5 -0.00439994812063655 0.00194149642846476 -6.75578042223541e-4 -0.00596510963128356 -0.00198877650941921 -0.00165916062595207 -0.00480178954369479
0.02	 -1.51194030400275e-4 -5.23204236425575e-5 -0.00113655979217131 -9.74662017686516e-4 -2.30127344414353e-4 -1.0954076887839e-4 -2.002106789618e-5 -2.72413125098902e-5 -0.00185174700801847 -4.36192680802147e-4 -0.00126537598292534 2.61865624064183e-4 -7.260400194793e-4 -0.0021429761963094 -0.00157982784731965 -0.00490456113761003
0.025	 -4.75845757369085e-4 -1.62055939972699e-4 -5.88202372669103e-5 -9.25307373887711e-4 -2.45590998104497e-4 -9.23177010937002e-5 -2.90837925221171e-5 -1.70854877648512e-4 -7.74188394513418e-4 -0.00211802229242017 -0.00384583778683049 -0.00154316395033715 -0.00507175452826195
0.03	 -6.39298536110315e-5 -0.00124087385505638 -1.95244202265298e-4 -7.62461773173591e-5 -3.82939038733869e-5 8.95359040322735e-4 -6.66775036728435e-4 -8.18241836178938e-4 -0.00214619310215744 -0.00149421467460989 -0.00496409662722627
0.035	 -6.76079085353422e-5 -0.00129738634351258 -1.91083210482755e-4 -6.28494853009677e-5 -4.75029601497878e-5 -0.00194550855230629 -0.00226306697232836 -8.57410136726612e-4 -0.00221809058414285 -0.00145377547930273 -0.00485892955510123
0.04	 -0.00234885612153071 -7.02919623254664e-5 -0.00139732479508912 -1.89690735360574e-4 -5.12386055112232e-5 -5.62398393245896e-5 -0.00106616060613728 0.00403797532774309 -8.9042244871326e-4 -0.00229849101728356 -0.00141944354029273 -0.0047502350064253
0.045	 -7.15337407898971e-5 -0.00126494133856194 -1.8938463394434e-4 -4.12774280003579e-5 -0.00230026132126115 -6.42007639797515e-5 -0.00344098122970137 -2.21213689100445e-4 -3.3416373855582e-4 -8.90579258706878e-4 -0.00110462689054427 -9.19265154405003e-4 -0.00238121654538452 -0.00138953980298158 -0.00477668831353808
0.05	 1.30738662120065e-4 -7.21391691554739e-5 -0.00135007647339241 -1.88488780867138e-4 -3.2998771502109e-5 -7.15600262993778e-5 -4.83047195171563e-4 -6.77032667418995e-4 -9.43714733483953e-4 -0.00245414425148674 -0.00136284710213907 -0.00470153978453592
0.055	 5.76201047480471e-4 -7.21454928661012e-5 -2.11878344663347e-4 -0.00141037468439108 -1.87769532100627e-4 -2.60954817200917e-5 -7.81862062472595e-5 -0.00172122007572556 -0.00153978454076923 -6.38470923083664e-4 -9.64849958419559e-4 -0.00252112562596947 -0.00133902185736581 -0.00463012172025519
0.06	 -7.16273468941636e-5 -1.83662256077972e-4 -0.00138845359187582 -1.87161895470821e-4 -2.03960704559705e-5 -8.42116049129676e-5 -0.00241454477827036 -7.3774068588172e-5 -6.43313700418211e-4 -9.83496523101038e-4 -0.002582768066845 -0.00131720485015021 -0.00455794783698716
0.065	 -7.0695978234122e-5 -1.49940945499554e-4 -0.00135666371326534 -1.86519312789846e-4 -1.5753334304783e-5 -8.97263060685087e-5 -0.00196883265540568 4.72265222406939e-4 -0.00480354781790667 -5.89532021244059e-4 -9.99470974854948e-4 -0.00264222492586392 -0.00129774889027923 -0.0045236154378021
0.07	 8.05242074652679e-4 -6.94673897309292e-5 -9.82419293186851e-5 -0.0012669997335238 -1.85443420077369e-4 -1.20613735972052e-5 -2.88837857915105e-4 -1.41646557580919e-4 -0.00282734952153505 -6.1347925821113e-4 -4.38620125618743e-4 -0.00101312506180369 -0.00269454018723971 -0.001280145198647 -0.0044778443422008
0.075	 -6.79551116125921e-5 -0.00141976889998991 -1.84716671670837e-4 -9.11979799407456e-6 -3.96339988909066e-4 -0.00177956079563382 -1.86092022974332e-4 -0.00140009781429941 -2.76554392735928e-4 -0.00258552858958542 -0.00102543221561642 -0.00274261704456745 -0.00126303175759956 -0.00442557389647912
0.08	 2.30479096528067e-4 0.0010343554006095 -6.62302913627825e-5 -1.60994514472441e-4 -0.00135819847442485 -1.83724932018022e-4 -6.8667726560337e-6 0.00169259422511406 -0.00274900005908819 -2.07656402456312e-4 -0.0028739163475546 -3.58842058903256e-4 -0.00133261313875008 -0.00103552189856054 -0.00278761261903713 -0.00124733789084547 -0.00439705673038959
0.085	 -6.43493329455654e-5 -0.00141000159548539 -1.82550124725368e-4 -5.22714288901288e-6 -0.00123785059472821 -2.12297204780212e-4 -0.00315531367297953 -3.97094977727035e-4 -0.00104441060149842 -0.00282739652837872 -0.00123155732107168 -0.00434219414189069
0.09	 1.40420043797353e-4 -6.23028618862156e-5 -1.03286292275774e-4 -0.00121324878288138 -1.8140521018024e-4 -4.10379622924066e-6 -2.56837384949116e-4 -0.00467434333638013 -2.14400840290855e-4 -0.00107248971194028 -3.97813879490934e-4 -0.00105196477243786 -0.00286535614307828 -0.00121637223098792 -0.00430008204227159
0.095	 1.91808102558684e-4 -6.01586109187551e-5 -7.18673969891957e-5 -0.00111190698623241 -1.79879575202461e-4 -3.45437813987716e-6 -2.46385698295264e-4 -0.00547555282436657 -2.12699224224939e-4 -4.19337565890455e-4 -0.00344932136112979 -4.12403416864492e-4 -0.00105685900214465 -0.00289978777090433 -0.00120160151892159 -0.00426013288521792
0.1	 1.68772785804034e-4 -5.79409671600287e-5 -9.26361820928e-4 -1.77954574163232e-4 -3.20664431731354e-6 -0.00107728704293863 -2.09764856250574e-4 0.00159355907325079 -4.20161148608402e-4 -0.00105945642677464 -0.00292946978732591 -0.00118726035840148 -0.00422608126900303
0.105	 1.09415592147821e-4 -5.5623057864873e-5 -8.73376407102102e-4 -1.75900029660935e-4 -3.36323026270385e-6 -0.00352664459197173 -2.05294326418849e-4 -3.61561466957112e-4 -0.00208180945808616 -0.00641854669640587 -4.60015371270494e-4 -0.00122348271055394 -0.00105452113178409 -0.00295927564754732 -0.0011720397402489 -0.00417622001339971
0.11	 1.02517562959534e-4 -5.32633167552856e-5 5.44766681077315e-5 -8.00091974980333e-4 -1.73258292768661e-4 -3.94186529881709e-6 -3.267052221739e-4 -0.0030693792615107 -2.00123462839152e-4 -2.39237681187564e-4 -0.00576632463309941 -3.59665427641988e-4 -0.00106181083593099 -0.0029896318656529 -0.00115647807946721 -0.00412849697435322
0.115	 -5.08667949561217e-5 -8.78458571318579e-4 -1.69711218270185e-4 -4.85961010575049e-6 -2.01516430651604e-4 -0.00238481421050988 -1.94435247153787e-4 -2.76500486432686e-4 -0.0049967363558025 -2.11921784946898e-4 -0.00141820403158801 -0.00300920534520814 -0.00114076504504396 -0.00405914227155585
0.12	 2.04016951586604e-4 -4.84458012808598e-5 6.84615682585223e-5 -0.00108027302831132 -1.6434158514102e-4 -1.63578934902385e-4 -1.0190047593887e-4 -0.00199154317050753 -1.88338987137558e-4 -0.00184642457951062 -0.00111230120480558 -6.10940543238338e-4 -0.00302265768661523 -0.00112436800244536 -0.00399663493735521
0.125	 2.12225529739597e-4 -4.60162808989834e-5 3.49123699281846e-5 -0.00112676228824151 -1.55118425976605e-4 -0.00209741184124548 -1.58134281406164e-4 -1.81903861966244e-4 -2.87787640181877e-5 -0.00617269067641057 -0.00112486849216973 -7.03385602829491e-4 -9.81646453400328e-4 -0.00304350357489207 -0.00110702496142176 -0.00392663610740897
0.13	 2.08116730956992e-4 -4.35440668662712e-5 1.64450746071396e-4 -0.00329770416102691 -2.30101793369433e-4 -1.77375894291388e-4 -1.75187195072242e-4 -2.51223110754872e-4 -0.00478938472466971 -0.0011359945151823 -3.57729261995531e-4 -0.00311407673469278 -0.0010879615764969 -0.00383188273299033
0.135	 2.28706330974439e-4 -4.11495685459032e-5 9.76460819388017e-5 -6.93050887402795e-4 -2.76814343286112e-4 -2.14026200768798e-4 -1.68417460502866e-4 -0.00136428475697782 -5.95405615053117e-4 -0.00114084619431546 -0.00295021979304803 -8.28452398714204e-4 -3.36569480739029e-4 -0.00106681177566599 -0.0036850262803856
0.14	 1.89319320634068e-4 -3.87234674089306e-5 1.25032171305294e-4 -3.6861263156862e-4 -3.08454724981281e-4 -2.29932807825942e-4 -1.61440042673576e-4 -0.00135375934354003 -0.00114768983785543 -0.00298036892902983 -8.14459231273676e-4 -2.01132074810935e-4 -0.00104261276447774 -0.00346212216969193
0.145	 1.8258404410298e-4 -3.63182304276631e-5 3.17381966299839e-5 -0.00274683099465018 -3.31319817807534e-4 -2.45516641874218e-4 -1.54225480932995e-4 -0.00127761990639454 -0.00115388045555003 -0.00298700696262823 -8.41689437816229e-4 -5.08956493049451e-4 -0.00101478897083497 -0.00313974380141852
0.15	 2.39940475206461e-4 -0.00105189734966115 -3.39445277894171e-5 -2.83817225207951e-5 -0.00321467908228312 -3.45979567025676e-4 -2.57461319984141e-4 -1.46715678184849e-4 -4.18486955135181e-4 1.92875360827821e-4 -0.00115915818512163 -0.00298909045686313 -8.97227112643219e-4 -4.55856219183659e-4 -0.00371775730570812 -9.78870184898577e-4 -0.00274801896597914 -0.0065108660569026
0.155	 1.88285822188124e-4 -3.16042227067459e-5 3.86021768509488e-5 -0.00308131014391819 -3.5488380938542e-4 -2.65016471828138e-4 -1.39105647807312e-4 -3.11505039713669e-4 -0.00178155845927633 -0.00116389935270462 -0.00299353071003629 -9.81661724571132e-4 -0.00100423345901736 -0.00358041905116526 -9.36721185704961e-4 -0.00284467388289875 -0.00621938704462501 -0.00169644642624324
0.16	 2.40626601745073e-4 -2.93162189347358e-5 -2.0501496075269e-4 -3.63112812483093e-4 -2.70707551682511e-4 -1.31043571292461e-4 -3.50816608713573e-4 -0.00221708441859071 -0.00116931802217903 -0.00299290358766534 -0.00104595649348426 -0.00124083560719073 -8.82826907571823e-4 -0.00414072492544327 -0.00548981216551444 -0.00178733309824532
0.165	 1.9398079424259e-4 -2.70519659378954e-5 -0.00475750947723247 7.68845695276709e-5 -3.67622400641439e-4 -2.75110309342002e-4 -1.22583239080793e-4 -0.00215450374538726 -0.00117434922664865 -0.00299306763726184 -0.00107976078575361 -0.00113826550707511 -8.06127191161971e-4 -0.00618158966366537 -0.0044282400796728 -0.00200994845317801
0.17	 2.32374147159608e-4 -2.48725562035181e-5 -0.00365759399920274 -3.71707681899797e-4 -2.77710435853134e-4 -1.1373580140294e-4 -4.21829880330495e-4 -0.00260032449116129 -0.00117921716132233 -0.00299177940991241 -0.00113688496803176 -0.00114987014810064 -6.96728682714663e-4 -0.00674371908776492 -0.00191822643778307 -0.00445315261636285
0.175	 2.23963670922514e-4 -2.27175499488577e-5 -0.0034933309623691 -2.43000690174383e-4 -3.73341803024635e-4 -2.79033721146087e-4 -1.04167339355161e-4 -5.93746102738857e-4 -0.00163943949613328 -0.00118440626659443 -0.00298828865985141 -0.00120644931875169 -0.00161242425712768 -5.37689613429862e-4 -5.45145495492546e-4 -0.00622616521655229 -0.00350704064004461 -0.00109722251898199
0.18	 2.12179149862414e-4 -2.0663416215437e-5 -0.00413467135076326 -2.19979877435008e-4 -0.00537118707705017 -3.76450647867873e-4 -2.79259208762144e-4 -9.38582850572256e-5 -5.49895346559896e-4 -0.0010310024768163 -0.00118888733157304 -0.00298486855641188 -0.00119896085801175 5.73794167674445e-4 -4.46533167696325e-4 -0.00436054547257477 -3.3523519518286e-4 -0.00419646533263461 -0.00117830890875005
0.185	 1.58627825114515e-4 -1.86667736834406e-5 -3.4837887519951e-4 -0.00469266471145377 -0.00304456018500122 -3.76671109276146e-4 -2.7867866831977e-4 -8.26919451101878e-5 -6.90619467618815e-4 -4.39218432083433e-5 -8.6847180955082e-4 -0.00119338608256348 -0.00298258093837843 -0.00120337044356193 -0.00191582674597585 -9.5505170326933e-4 -0.00454519167681829 -1.33833994789879e-4 -0.00455724896367962 -0.00121358040426081
0.19	 1.75358025080456e-4 -1.67621606170922e-5 -2.8108291568621e-4 6.72189522539882e-4 -0.00442033245403131 -3.77278650183956e-4 -2.77436111785691e-4 -7.0450807137934e-5 -6.59098292707263e-4 -0.00156851588155642 -0.00119748818595626 -0.00297478428968362 -0.00126351905543982 -2.25027397645486e-4 -0.00193281399440507 -0.00179204324084081 -0.00235544227522902 0.00194904778646556 -0.00209709383556496 -0.00452904623613419 -0.00119869410658348
0.195	 1.17276861991069e-4 -1.49384427520688e-5 0.00266815339683909 -3.75962672629506e-4 -2.75695981925424e-4 -5.73988430588191e-5 -7.03997997064977e-4 -0.00179107577119059 -0.001201432147171 -0.00297041919459789 -0.00127925780684083 -0.0017523963656712 -0.00281274407935772 -8.23078570737749e-4 -0.00177945583671461 -9.42641710718556e-4 -0.00453851502099357 -0.00118092763211269
0.2	 1.1624296086298e-4 -1.31863991072887e-5 0.00152036845842043 -0.00512259952936178 -5.17402608838196e-4 -0.0043226929223792 -3.76773792894628e-4 -2.73225971277624e-4 -4.94978441976315e-5 -5.04811925303301e-4 -5.55083725036149e-4 -0.00216913550324457 -0.00120630226292844 -0.00296027654043653 -0.00128812334260226 3.1142109550574e-4 -0.00304800191475359 -3.63318143051955e-4 -0.00156001555017748 -9.96635710090291e-4 -0.00456044718552093 -0.00118396648161365
0.205	 5.59634029346861e-5 -1.15317881254688e-5 -9.65672867667822e-4 -0.00113538790976948 -0.00120136374389979 -3.7593313544685e-4 -2.7040364572116e-4 -1.44125348568987e-4 -6.28279458718902e-4 -0.00270354544811487 -0.00185714425595234 -0.00121205487260545 -0.00295151458808809 -0.00130935319241334 -0.00124692373518906 -0.00340188959324919 -1.92879792971505e-4 -0.00139870695835732 -0.00462106420592483 -0.00119406956620263
0.21	 -0.00134669216219432 2.29666955090074e-5 -9.97443751476784e-6 -3.79352617921461e-4 -0.0049449831819753 -4.53895824165347e-4 -0.00375008612740488 -3.74927268401844e-4 -2.67287263828416e-4 -3.62403113355342e-4 -6.15889055731115e-4 -0.00268514946031054 -0.00167849095646086 -0.00121926524331272 -0.00293630646550297 -0.00131767404125684 -0.00337883754956591 -2.12316518432904e-4 -6.05938842215911e-4 -0.00134377329494058 -0.00458514504051721 -0.00120991196132043
0.215	 -3.10085922649776e-5 -8.54714945861141e-6 -0.00117462069997407 -3.37439518131542e-4 -0.00502336854890578 -3.73808063062238e-4 -2.63922045869251e-4 -4.39885389608059e-4 -0.00110999943320204 -0.00159879466152425 -0.0049493305539926 -0.00122629672920333 -0.00292445660800722 -0.00137370353500559 -0.0032864528543341 -3.10473508399476e-4 -5.05372965504677e-4 -0.00134583715974951 -0.0045683630556681 -0.0012109704097085
0.22	 -8.10331205194025e-5 -7.17642139532531e-6 -4.01450064924464e-4 -0.00256980918648107 -3.72229179875997e-4 -2.6026771526243e-4 -4.65738324175484e-4 -0.00164967211988466 -0.00116012199991156 -0.00480148983633601 -0.00123194220631242 -0.00290931444724818 -0.0013925988953117 -9.47622980756566e-4 -0.00396406868610679 -1.36059933670286e-4 -0.00131737022971707 -0.0045833252591917 -0.00119257650832309
0.225	 -1.31604198851104e-4 -5.92868905520143e-6 -2.98902031845888e-4 -0.00501195746021448 -3.91779445138969e-4 -0.00315552451583313 -3.70731171084863e-4 -2.56425799702828e-4 5.88785072436972e-4 -4.82121148912091e-4 -0.00184651403414143 -0.00115593386215828 -0.0046633389855128 -0.00123704513236929 -0.00288960454541955 -0.00138235773923986 -0.00214537662351673 -0.00378801520532544 -1.45697931735619e-4 -0.00131897134352928 -0.00457868245621748 -0.00119894057377057
0.23	 -2.85821888250298e-4 -0.001193110759331 -4.83582342446016e-6 -3.63425432248817e-5 -0.00327509950985861 -3.6920632496421e-4 -2.52475843817836e-4 8.33802844028164e-4 -4.89205066166874e-4 -0.001938106924973 -0.00134275650779539 -0.00436052126286412 -0.00124573134525831 -0.00286394563915178 -0.00129858078000351 -0.00321698838257137 0.00121730054446263 -0.00130726060524715 -0.00455083941648444 -0.00122505287291343
0.235	 -3.06819352788045e-4 -0.00104147685473443 -3.83837838920893e-6 -0.00473805256561604 -5.46554273801205e-4 -0.00345110564267108 -3.67398948892881e-4 -2.4842124339305e-4 -5.12220614965746e-4 -0.00201023019781213 -0.00444954805582286 -0.001477665773592 -0.00126396602760115 -0.00283071309766804 -0.00122047939157189 -0.00382532712554025 -0.00100858061065134 -0.00130195657952125 -0.00453796358648583 -0.00123986566922323
0.24	 -2.83368894805986e-4 -0.00108747986464251 -2.9431621667874e-6 -0.00127994289949089 -3.48767375412703e-4 -0.00378124672557379 -3.65349984124025e-4 -2.44294670054044e-4 -0.00132885367347566 -5.26370664910138e-4 -0.00207128079186608 -0.00439573410753987 -0.00144624844938579 -0.00128836716605003 -0.0027919898335685 -0.00104563494978404 -0.00524450046509282 0.00277059264264467 -0.00129799563526017 -0.00454803625475623 -0.00122859127956753
0.245	 -2.52688939311376e-4 -0.00108402462247742 -2.16477126109366e-6 -3.82542280165297e-4 -3.83935640867925e-4 -0.0025529851247329 -3.63324564943067e-4 -2.40116982715939e-4 -5.47145378085229e-4 -0.00209987124246657 -0.00427100400642711 -0.00143661043738046 -0.001305524420782 -0.00273902974707402 -6.95586432159817e-4 -0.0039153741854149 -0.00198618971226963 0.00371639262191 -0.00129203784615099 -0.00455499422018205 -0.00123241065394489
0.25	 -2.23364631914625e-4 -0.00108190245869775 -1.55638043496289e-6 -3.52415144539833e-4 -4.14435031280208e-4 -0.00271532667263094 -3.61247355905191e-4 -2.35971426038927e-4 -5.63558179965005e-4 -0.00219149412946957 -0.00416780521391305 -0.00146660301107679 -0.00129502434210065 -0.00266695426287229 -4.17253119391635e-4 -0.00407375207257083 -9.43260496569709e-4 -0.00128652308712842 -0.00452705545195206 -0.00124029756286031
0.255	 -1.97616443326946e-4 -0.00112743086287635 -1.03477554053906e-6 -0.00147824856140029 -4.62652267994375e-4 -0.00285210121568639 -3.58921501332559e-4 -2.31818709660324e-4 -5.65215875891916e-4 -0.00191415865737293 -0.00289911079543669 -0.00134647930995589 -0.00155876138115224 -0.00257239058290075 -6.31174587316916e-4 -0.00384451225520422 -0.0012820418344156 -0.00453380871827218 -0.0012493311459926
0.26	 -1.73383558731406e-4 -0.00112086135982571 -6.60317806894821e-7 -4.05017125322738e-4 -2.74623053577607e-4 -0.00220258015339286 -3.56660086006844e-4 -2.27686647867616e-4 -4.44071933925296e-4 -0.0018721436238756 -0.00328398667868113 -0.00149382168447104 -0.00165864408013387 -0.00244562533274177 -0.00320590143195404 -8.4063436754333e-4 -1.87611670072247e-4 -0.00127510107636736 -0.00450773576824394 -0.00126485084931335
0.265	 -1.52048874731239e-4 -0.0012066333668623 -4.40344566717435e-7 -0.00139588697820954 -2.8968840266711e-4 -0.0019009895610599 -3.54362255282116e-4 -2.23627451215823e-4 -3.5143094650872e-4 -2.4588714569964e-4 -0.00122801099604747 -0.00138873757499034 -0.00178220283165678 -0.0023018786944858 -0.00285011043540701 -0.00127001409279332 -0.00450497840669161 -0.00127959870679145
0.27	 -1.32234954399132e-4 -0.00124065673586947 -3.25927719423831e-7 -3.59603137792091e-4 -3.37984443690174e-4 -0.00175653416108742 -3.51837063767282e-4 -2.1963969606645e-4 -1.64090470016525e-4 -0.00120282725807629 -0.00128717941073206 -0.00192855555113376 -0.00204331707398533 -0.00210740018889456 -0.00286091682673602 -0.0012623173369865 -0.00447866844969551 -0.00128262663004886
0.275	 -1.14739706686759e-4 -0.00128659671380423 -3.53784876855404e-7 -3.6187432056529e-4 -1.12978969800693e-4 -0.00138843112668043 -3.4928551747524e-4 -2.15710279095563e-4 -2.86681846298813e-4 -5.63250279355752e-5 -8.25289770824803e-4 -0.00156887603829168 -0.00358030740031944 -0.00205554091068055 -0.00197050986964502 0.00103526818223268 -0.00294668914444231 -4.71165018228499e-4 -0.00125469626086658 -0.00442834065222801 -0.00129789164621721
0.28	 -9.68518257329928e-5 -6.99904261900426e-4 -5.22882485752162e-7 -3.79364097365237e-4 -4.99845784379418e-4 -0.00268272588765622 -3.46549616206298e-4 -2.12068302060516e-4 -9.45990502206797e-5 -4.90939489758147e-4 -0.0026428839551332 -0.00229114879445776 -0.00172447116185712 -0.00316030935022086 -0.00125027290103526 -0.00449222452441461 -0.00130301086879914
0.285	 -8.44684858855952e-5 -0.00134141963920369 -8.52651419422934e-7 -0.00133992874001477 -1.89977545921194e-4 -0.00122104799866785 -3.43769228100707e-4 -2.08228503543238e-4 -1.96144469830798e-4 -4.37977526047633e-4 -0.00172787634277182 -0.00315835376246478 -0.00265648141478011 -0.00171596766578318 -8.72731432594997e-4 -0.00272784860156043 -2.43538491431377e-4 -0.00124163465895405 -0.0043311928158268 -0.00136825424346515
0.29	 -7.14408939601323e-5 -0.00133698592911879 -1.33996107306305e-6 -7.37699034724506e-4 -0.00132883978820573 -3.4081341297715e-4 -2.04694844852691e-4 -2.5912139435604e-4 -4.23679060008391e-4 -0.00165574111261224 -0.00209255734129315 -0.00400844512053303 -0.00163391659276244 -0.00280654638650127 -0.00123677538914192 -0.00427255052798583 -0.00141316027031859
0.295	 -5.89627979138362e-5 -0.00106329963207545 -1.87526115055817e-6 -3.85313224811078e-4 -8.15656186746344e-5 -0.00144755219524487 -3.37992247916504e-4 -2.01315549116009e-4 -2.97228996866891e-4 -4.05495408628577e-4 -0.00146967771915311 -0.00179795003135476 -0.00476718663224464 -0.00157553238956839 0.0043078626811785 -0.00278102048213236 -0.00203521704145943 -0.00123250054018433 -0.00417635078942237 -0.00151042427361879
0.3	 -4.9179371160759e-5 -0.00128194060360282 -2.67257203189736e-6 -4.36906086437067e-4 -2.26430878701889e-4 -0.00135399464567195 -3.3493400699024e-4 -1.98057655719934e-4 -3.23924611991827e-4 -7.76379373873199e-4 -3.91231516401069e-4 -0.00111573583154404 -0.00195132588882943 -0.00515136912467812 -0.00152432419900257 -0.00289223547230387 -0.00114300243957772 -0.0012254444535762 -0.0038105730572439 -0.00185304123042359
0.305	 -4.03188364309336e-5 -0.00120201895473237 -3.50622980926761e-6 -3.67939451632704e-4 -1.22580009843191e-4 -0.00117705124055875 -3.31899277435516e-4 -1.94931262509697e-4 -3.44619973656143e-4 -2.4244412154084e-4 -7.9202326329911e-4 -0.00330677059730267 -6.83134672528507e-4 -0.00148749464966438 -0.00280748383450127 -6.02749754001082e-4 -0.00121435414225949 -0.00141771329260445 -0.00424194256774994
0.31	 -3.26867351144043e-5 -0.00123155546402049 -4.55126668954035e-6 -3.80652180312696e-4 -1.92158177080465e-4 -0.00131999048681078 -3.28657610479239e-4 -1.92004803992052e-4 1.66463220281755e-4 -3.61000853678219e-4 -2.59627143278603e-4 -3.9522417816915e-4 -6.58247386504298e-4 -0.00240019027269028 -0.00567540594304783 -0.00145903425030537 -0.00243812886946954 -0.00290767676954836 -0.00120058765166371 -0.00118337875459867 -0.00452084789732826
0.315	 -2.64851750453367e-5 -0.00136037001471158 -5.71785885989751e-6 -2.07608656277301e-4 -0.00128636192797189 -3.25171388690758e-4 -1.89230462818579e-4 -3.74651806194871e-4 -3.59854059755409e-4 -1.69834871025182e-4 -6.2406892336648e-4 -0.00268808526954473 -0.00143988368249057 -0.00287763900600632 -0.00242647560373897 -0.00118949071476372 -0.0011746369126963 -0.00448311948695496
0.32	 -2.06850494748107e-5 -0.00129889923750641 -7.012347389253e-6 -3.3405631436455e-4 -0.00151447932685702 -3.21672766124855e-4 -1.86649539203566e-4 -3.86770716212063e-4 -4.24011042812429e-4 -7.59241852588072e-4 -0.00180919720426551 -0.00141979170554468 -0.00294133340820946 -0.00119154198751942 -0.00106132345669512 -0.00118892319357202 -0.00442330344140749
0.325	 -1.58715155019347e-5 -0.00133450837449908 -8.45033588463707e-6 -4.03693652186901e-4 -2.79255267610584e-4 -0.00143978874905613 -3.18141190414558e-4 -1.84218654711317e-4 -3.98092557447525e-4 -4.65510025790242e-4 2.50326703093278e-4 -6.82656478638303e-4 -0.00263954482749832 -0.001401348914901 -0.00232193969067342 -0.00300618182994679 -7.17260664239788e-4 -0.00117134511578196 -0.00120636950618535 -0.00437864419811786
0.33	 -1.21218548578309e-5 -0.00132417156803254 -1.00881344628118e-5 -2.91954045358949e-4 -0.00133849393241902 -3.14306828299025e-4 -1.81973113433946e-4 -4.08226889627944e-4 -4.94370368335329e-4 -0.00194275429127874 -6.39847758470448e-4 -0.00138587444739534 -0.00159823701608443 -0.00287696228190586 -0.00526182809808884 -0.00118272537289589 -0.00122800220989318 -0.00435456389436518
0.335	 -8.61067863481969e-6 -0.00135480236198903 -1.18026503618769e-5 -4.13879405281554e-4 -3.43794320253397e-4 -0.00143636499257081 -3.1043567254402e-4 -1.7991533343984e-4 -4.17745592385099e-4 -5.14956878026627e-4 -8.0818324730593e-4 -0.00241632822094596 -0.00136991701910507 7.65521881250206e-5 -0.00289805993993314 -8.86134756958894e-4 -0.00115231983806149 -0.0012542423713359 -0.00427408833965415
0.34	 -5.82535030465121e-6 -0.00130843658413446 -1.36577520546083e-5 -4.13098410838319e-4 -0.00146631645282591 -3.06385313346766e-4 -1.7804171330055e-4 -4.268826186099e-4 -5.29535958578692e-4 -0.00106757912981679 -0.00135823814165687 5.04232546407095e-4 0.00225749069517759 -0.00299859960602078 4.20315582187689e-4 -0.00124007845437097 -0.00111535330744125 -0.00420038837987124
0.345	 -3.64619426653008e-6 -0.00132569824074566 -1.56590224553553e-5 -3.62422049307658e-4 -4.42810547462576e-4 -0.00149435117533172 -3.02101707051273e-4 -1.76355510012542e-4 -3.75267385879354e-4 -4.35434416470339e-4 -5.40125288283348e-4 -0.00234892424652925 -8.98802944870776e-4 -0.00134015273937747 -0.00255331226346154 -0.00295952981633663 -0.00125908425447287 -0.00178479480723157 -0.00108796602016442 -0.00413427722246306
0.35	 -1.91720303123102e-6 -0.00146287010669905 -1.77559184025622e-5 -5.2665494880176e-4 -0.00156249040150915 -2.97661980306469e-4 -1.74856029894262e-4 -4.43772668882447e-4 -5.47368565979371e-4 -0.00233332677339199 -7.31149524222396e-4 -0.00132507821399772 0.0029237340590671 -0.00288378354701689 -0.00125695082548825 -4.32242348655276e-4 -0.00179782409534443 -0.00111531152885552 -0.00409947316004696
0.355	 -9.05158145907631e-7 -0.00155530401558733 -2.01207683450128e-5 -4.40516700189376e-4 -4.96079525611349e-4 -0.00143787829175354 -2.93016548752908e-4 -1.73512145672741e-4 -4.51893579026259e-4 -5.52201603783799e-4 -3.45073463279983e-4 -0.00290913704720189 -0.00130931359535742 0.00232008138503427 -0.00289122454486452 -0.00125853357768694 -9.64867060558559e-4 -0.00114439534106947 -0.00402045731218348
0.36	 9.00111031842224e-8 -0.00147817588360952 -2.25642657065499e-5 -4.41571560730491e-4 -5.25235108111367e-4 -0.00143992609925526 -2.88122591204813e-4 -1.72376645274679e-4 -4.59873037616243e-4 -5.54947081295894e-4 -0.00400222262203102 -0.00129078836659759 -5.84212300683513e-4 -0.00282742534543192 -0.00125911903860138 -9.55531735057319e-4 -0.00191838368306622 -0.00399525079357967
0.365	 8.5630035303117e-7 -0.00154312390974633 -2.51058026972375e-5 -4.4516062783999e-4 -5.5448727067665e-4 -0.00137797283377169 -2.83025124174062e-4 -1.71402567372557e-4 -4.67838708682971e-4 -5.56416889505399e-4 -0.00513874428511325 -0.00127085372597861 0.00189743857108415 -0.0028725411380971 -0.00126367211700912 -4.67452434957749e-4 -9.68197509057799e-4 -0.00390175326938205
0.37	 1.62644755328879e-6 -0.00143179817071385 -2.77979168927605e-5 -8.28059365794382e-4 -5.42915712314647e-4 -0.00142096496949264 -2.77691522136297e-4 -1.70619303712286e-4 -4.75844162210531e-4 -5.56413251366086e-4 -0.00409723921108557 -0.00124653244288011 -6.86904697933548e-4 -0.00131895071227917 -5.56207859766168e-4 -8.93925830320216e-4 -0.00381721183744724
0.375	 1.68140658823423e-6 -0.00159786210406977 -3.06314685192772e-5 -3.79154925209402e-4 -6.07040751056918e-4 -0.00133952518953709 -2.71991981547426e-4 -1.70002579686356e-4 -4.83852785825843e-4 -5.55428016709303e-4 -0.0027160797786976 -0.00121629701002354 -0.00226427614433257 -0.00127887088829485 -0.00301955411172245 -9.32061464365709e-4 -5.57220296627276e-4 -0.00180933986761141 -0.00380748542059586
0.38	 1.99016594177576e-6 -0.00155921339698696 -3.3655451231128e-5 -6.60103715486341e-4 -7.15272230836904e-4 -0.00129531516962635 -2.66091242473618e-4 -1.69542319627295e-4 -4.91932570863205e-4 -5.53708030786632e-4 -7.01155361756654e-5 -0.00434147999894065 -0.00117188590317643 -0.00127617426166103 -0.00276507036926691 -9.74760019384049e-4 -0.00364228135627516
0.385	 1.66988010453765e-6 -0.00174248791210197 -3.66488971156263e-5 1.71648762717286e-4 -6.70114812647328e-4 -0.00126811918607308 -2.59746769249927e-4 -1.69253793832332e-4 -5.00223369747193e-4 -5.5124285719584e-4 0.00105831606106569 -0.00110476484037942 -0.0016229078540042 -6.9331423018555e-4 -0.00129005075450439 -0.00309624467417253 -0.00101385682524394 -6.32371803425478e-4 -0.00373975581868501
0.39	 1.93097714388432e-6 -0.00148483962394087 -3.9907390982636e-5 -0.00149008102415065 -7.66499593003129e-4 -0.00125728039205605 -2.53165659663057e-4 -1.69114203099078e-4 -5.08680871385353e-4 -5.48294777981111e-4 -0.00167162598251748 -9.73267667378919e-4 -0.00261431531855385 -0.00128739905426942 -0.00286451324213176 -0.00103580907134288 -0.003531407323355
0.395	 1.72267639470486e-6 -0.00171256280978967 -4.3399623347625e-5 -4.36383797458975e-4 -6.55274892607425e-4 -0.00112411290760549 -2.46094328931125e-4 -1.69090316817578e-4 -5.1727582324294e-4 -5.44972202097732e-4 0.00141051821504294 -6.80610447574455e-4 -0.0031177350755092 -5.02626298298125e-4 -0.00129904224720873 -0.00309476971126254 -0.001063376847784 1.51843876321432e-4 -0.00371127387065925
0.4	 2.31655161640288e-6 -4.69609117202354e-5 -4.80848694866126e-4 -6.46323265565965e-4 -0.00102934970785553 -2.38615929406727e-4 -1.69216946833753e-4 -5.2625036065423e-4 -5.4122981636974e-4 -0.00173207006672625 -5.70788641591087e-4 -0.00141778086538188 -0.00129656624585661 -0.00295281450370649 -0.00108606389393967 -0.00351680258068804
0.405	 7.72336630930658e-7 -8.43420248630624e-4 -5.07954008525815e-5 -5.5114671197539e-4 -5.76876344619504e-4 -9.15777715776969e-4 -2.30716797099489e-4 -1.69447694951519e-4 -5.3544599138888e-4 -5.37361679776106e-4 2.19585275345161e-4 -0.00134800428134562 -0.00111126593853186 -0.00178412790739954 -0.00130282980094037 -0.00311644626456863 -0.00111023386747801 -0.00337532123976598
0.41	 1.3291505866223e-6 -0.00164137078726905 -5.45304928446323e-5 -4.48728086814389e-4 -6.93729153843715e-4 -9.11459519268636e-4 -2.22338593268367e-4 -1.69821967073618e-4 -5.45126542637999e-4 -5.33265126762348e-4 -0.00133924079585255 -0.00171423371331235 -8.32950243113211e-4 -0.00131707112787696 -0.00130814478106411 -0.00324744003748866 -0.00113468322514197 -0.00326902844961599
0.415	 1.15319009145774e-6 0.00100382779818786 -5.84090155432143e-5 -0.00158474584458893 -7.2832529568153e-4 -8.87231648967402e-4 -2.13477724663449e-4 -1.7028438967891e-4 -5.55232608974624e-4 -5.29105205551863e-4 7.59321745108169e-4 -0.00217595294280623 -0.00342378589595603 -0.00136429556956988 -0.00131207931036364 -0.00299607999797607 -0.0011545555473687 -0.00298890405167286
0.42	 6.30701417765515e-7 -8.09405733058747e-4 -6.27724792160645e-5 -4.20604893126565e-4 -6.59448877630324e-4 -7.86249397232555e-4 -2.03944222250466e-4 -1.7081918438835e-4 -5.65782619013489e-4 -5.24832184334924e-4 -0.00225384722360673 -9.1340743508014e-4 -0.002625548145316 -6.57578673925052e-4 -0.00328478624487449 -0.00136709438134273 -0.00131640213008426 -0.00320080259877896 -0.0011840308247028 -0.00329407177292007
0.425	 4.2110589639642e-7 -8.07448337310171e-4 -6.72174272429995e-5 -4.79866754154863e-4 -7.10531805923783e-4 -7.25409006662196e-4 -1.93878159994895e-4 -1.71447224475125e-4 -5.7682710198965e-4 -5.20616534781091e-4 -0.0013668404246575 -0.00380757991251786 -6.52576624910919e-4 -0.001381169279346 -0.00132235358085063 -0.00332000844954439 -0.00121040687429245 -0.00343482129565394
0.43	 9.58142285362973e-7 -0.00164002065038863 -7.18545678009654e-5 -7.14107194234502e-4 -6.47872909514197e-4 -1.83234666754235e-4 -1.72115458835633e-4 -5.88336306726559e-4 -5.16497749405215e-4 -0.0012083882231697 -0.0032425416523236 -0.00120363708068553 -0.00138083593760156 -0.00133076514746374 -0.003322093461042 -0.00123536534783188 -0.00332544880418946
0.435	 3.37410633760462e-7 -7.88979797788759e-4 -7.66387935594635e-5 -4.82225098687581e-4 -7.55163488856946e-4 -6.08319353407454e-4 -1.71859787836166e-4 -1.72829231100256e-4 -9.13619763256011e-4 -6.00485952389869e-4 -5.12383970594691e-4 -0.00254373136499478 -8.10987461580527e-4 -0.00284620637687788 0.0020773035882294 -0.00138801322301528 -0.00133024674690239 -0.00358072689553922 -0.00126883500859926 -0.00303443441698365
0.44	 2.38341926409166e-7 -7.60605453369074e-4 -8.16892420535878e-5 -5.34424066135491e-4 -7.10528706349514e-4 -5.29913283113627e-4 -1.59888860511534e-4 -1.73567210730282e-4 -8.98972711672652e-4 -6.13131591259735e-4 -5.08502348315397e-4 -0.00103704381112907 -0.00242092087119178 -3.77909753821625e-4 -0.00138881467961854 -0.00133694570659289 -0.00317737246528371 -0.00129411981124765 -0.00115467548298809 -0.00261036097915133
0.445	 7.74709792660383e-7 -0.00108985269850557 -8.690914184856e-5 -5.53508663917558e-4 -7.81282778428781e-4 -4.88320076687807e-4 -1.47278442654349e-4 -1.74340621619271e-4 -7.03979455398519e-4 -6.26396430447359e-4 -5.04737807679892e-4 -0.0013302190700127 0.00163646387944488 -0.0070209835855234 -0.00119044074191723 -0.00138565443651818 -0.00134187358745506 -0.00341963062308917 -0.00132983366096742 -0.00282664561720738 -0.00293332381309873
0.45	 1.62688979941782e-7 -7.34184683334847e-4 -9.24756181992005e-5 -5.6345103191544e-4 -7.33504080678989e-4 -4.10109848960959e-4 -1.34082715328058e-4 -1.7507254485191e-4 -6.40168989587322e-4 -5.01196397473363e-4 -5.94969743140007e-4 -5.80174709128415e-4 -0.00686613707651843 -0.00138397259164666 -0.00135059005497903 -0.0031837464482004 -0.00135626250992943 -0.00262312578033154
0.455	 2.13436509745792e-7 -7.47077134965728e-4 -9.81527046226156e-5 -5.56257533967061e-4 -7.38121266882212e-4 -3.40292928269373e-4 -1.20380596387318e-4 -1.75791706672432e-4 -6.54291723263012e-4 -4.97913798370981e-4 -4.74156160075469e-4 -0.00343163187519311 -6.57346957683804e-4 -0.00138137145919782 -0.00135366641185579 -0.00326934125641554 -0.00139545665495895 -0.00183060921831453 -0.0020118304442876
0.46	 2.15933971115167e-7 -7.26409133128983e-4 -1.03880093908698e-4 -5.73900169028636e-4 -7.98855984236189e-4 -2.98939423726588e-4 -1.06332822145308e-4 -1.76490202312103e-4 -6.68864750872513e-4 -4.94863550104951e-4 -2.92904055190037e-4 -7.55592905083376e-4 -0.00339151500279533 -0.00137722506345811 -0.00136145972667968 -0.0030070326319167 -0.0014365924060276 -0.00236700585442943
0.465	 5.26570153589212e-7 -0.00132360063198858 -1.09467739504e-4 -5.93787982786533e-4 -7.92039829599785e-4 -2.52431444002273e-4 -9.22216482966609e-5 -1.77178035775547e-4 -6.83213142607367e-4 -4.92144196628626e-4 -2.82316264123588e-4 -0.00145501005775375 -5.88894607304794e-4 -0.00758903460330274 -0.00137264784677297 -0.00136762329166595 -0.00301653380339785 -0.00148426161091948 -0.00230607213229436
0.47	 4.37988830992455e-7 -0.00113534933771777 -1.14387480592033e-4 -5.970609319447e-4 -0.00100045045905713 -2.3048801945001e-4 -7.84836150527696e-5 -1.77822459230222e-4 -6.97392055424568e-4 -4.89738610424225e-4 -3.11520169167327e-4 -0.00382412639623823 5.26600181286101e-5 -0.00136803633633182 -0.00137563482746839 -0.00333409697617792 -0.00157178341447789 -0.00276600984097591 -0.00215094454667849
0.475	 4.63948180903516e-7 -0.00126924880945999 -1.16585666212654e-4 -5.73028223889985e-4 -8.79630166676627e-4 -1.75575667382307e-4 -6.47687040200185e-5 -1.78661796684988e-4 -7.10763259082249e-4 -4.87720090194771e-4 -3.54494171933146e-4 -0.0016691803938199 0.00109747417746182 -0.00135903107770314 -0.00138637375908833 -0.00310402529361221 -0.00164781865202678 -0.00283023940813532 -0.00192705082650531
0.48	 4.91870100772002e-7 -0.00137095568608275 -1.12212597292783e-4 -5.34889517790736e-4 -2.69322112986266e-4 -5.21442760784597e-5 -1.39629475449618e-4 -1.78774388342371e-4 -7.23092389356344e-4 -4.85947952884775e-4 -2.21078337285149e-4 -3.34911925172259e-4 -0.00134108248442666 -0.00140146060765725 -0.00274469368897306 -0.00145017943681299 -0.00171498616572276
0.485	 5.40766796747727e-7 -0.00242053928347831 -7.55868932400006e-5 -4.82349867968153e-4 -3.21434755690316e-4 -4.00727406132416e-5 -1.04717589454989e-4 -1.79082808345514e-4 -7.33244727233861e-4 -4.84620679913864e-4 -2.56636012392258e-4 1.6832035112303e-4 -0.00602586178511328 -0.00139739847368349 -0.00132485764385748 -0.00141810375162294 -0.00297691273460403 -8.01089188806657e-4 -0.00176052276528269
0.49	 8.69680308953656e-7 -3.38066769133772e-7 -0.00145328904521676 -8.98009680230956e-4 -2.43042739065732e-4 -2.44206211381987e-5 -6.4664095947332e-5 -1.79325962554956e-4 -7.41301452451604e-4 -4.8361316079532e-4 -1.31430757329659e-4 -0.00326349801430819 -0.00190928378537781 -0.00129386779600808 -0.00144695227965419 -0.003091447079629 -0.0040459977189573 -0.00137429946325326 -0.00169459981989365
0.495	 4.47996943580141e-7 5.71044849015865e-7 -0.00141328645885321 -3.06517996131079e-4 -4.59754283347704e-5 -1.79319203454676e-4 -7.45695703631994e-4 -4.83008655255662e-4 -1.00527787940264e-4 -1.47669123241414e-4 -9.563967835994e-4 -0.00415412384768653 -0.00123128421678151 -0.00150531633811802 -0.00246785391637222 -0.00377974817907585 -0.00159597463489338 -0.00156124022305166
0.5	 2.97070898773883e-7 1.96734927332327e-7 -6.45475524397278e-4 -2.44780273192827e-4 -3.54936594730335e-5 -0.00138399425147856 -1.79545914269528e-4 -7.47947047858502e-4 -4.82852761883659e-4 -1.02770953174948e-4 -0.00192263712104382 -2.14281637439466e-4 -0.00114923287833133 -0.00159619247571591 -0.00115382241461848 -0.00251045327689422 -7.89959698172542e-4
