0 0.569059 1664.484404
0 0.583938 2058.577874
0 0.587471 265.711024
0 0.593166 827.769885
0 0.593410 2226.210713
0 0.618295 214095.108657
0 0.685578 63.713637
0 0.793562 544.194845
0 0.798538 221.693358
0 0.807544 233.175087
0 0.809596 195.534648
0.005 0.569036 -10434.786737
0.005 0.574850 2422.808170
0.005 0.583653 2373.236405
0.005 0.587342 267.985282
0.005 0.593201 1427.045023
0.005 0.593601 1808.355641
0.005 0.618430 108262.459601
0.005 0.683331 222.084192
0.005 0.688337 93.809115
0.005 0.788151 285.783894
0.005 0.793361 550.531350
0.005 0.797776 184.047654
0.005 0.807756 232.634186
0.005 0.809486 194.030084
0.01 0.568444 4269.126549
0.01 0.574265 2728.609499
0.01 0.582842 3255.086121
0.01 0.587208 256.303581
0.01 0.593240 1431.063051
0.01 0.594141 1977.295017
0.01 0.618830 45348.057694
0.01 0.677550 1422.886690
0.01 0.684425 855.402302
0.01 0.690912 -2344.256471
0.01 0.787587 242.072782
0.01 0.792796 569.572347
0.01 0.795830 106.298724
0.01 0.808345 238.296564
0.01 0.809163 184.810051
0.01 0.838680 77.181732
0.015 0.567334 1887.766687
0.015 0.573694 2633.731656
0.015 0.581605 4170.259191
0.015 0.587149 250.657401
0.015 0.589616 318.365031
0.015 0.593305 1340.742464
0.015 0.594844 2245.318155
0.015 0.619487 23832.119067
0.015 0.674498 580.829030
0.015 0.687774 -267.758274
0.015 0.791952 576.756119
0.015 0.804344 101.593502
0.015 0.808650 174.450776
0.015 0.809302 246.583230
0.015 0.838592 78.213059
0.02 0.565785 1264.456914
0.02 0.573280 3006.646362
0.02 0.580062 4565.100305
0.02 0.587112 246.285976
0.02 0.591514 354.648203
0.02 0.593450 1034.603328
0.02 0.595587 2595.704470
0.02 0.620385 14904.727830
0.02 0.670939 1513.621836
0.02 0.676223 610.136154
0.02 0.684592 977.735358
0.02 0.696446 -84.804737
0.02 0.786553 75.826658
0.02 0.790893 556.849213
0.02 0.805518 107.164313
0.02 0.808003 149.435073
0.02 0.810448 257.955289
0.02 0.839442 78.640594
0.025 0.564205 353.723772
0.025 0.573342 2454.287025
0.025 0.578307 4565.264395
0.025 0.587436 413.397027
0.025 0.592898 725.639518
0.025 0.596301 3005.337320
0.025 0.621504 10377.376203
0.025 0.664257 69.497811
0.025 0.785417 174.870535
0.025 0.789672 529.556319
0.025 0.806238 163.422708
0.025 0.808576 103.905929
0.025 0.811757 267.550048
0.025 0.840268 82.205006
0.03 0.561816 477.987435
0.03 0.572951 2580.755607
0.03 0.576401 4406.328477
0.03 0.587186 244.974559
0.03 0.593204 1411.053416
0.03 0.596961 3605.269256
0.03 0.622818 8046.965144
0.03 0.667505 -221.525733
0.03 0.685688 1839.531718
0.03 0.700046 51.448387
0.03 0.784232 98.300672
0.03 0.788336 501.239146
0.03 0.805507 176.646149
0.03 0.809881 106.485713
0.03 0.813171 276.921638
0.03 0.841378 81.509401
0.035 0.559472 1106.410760
0.035 0.572934 2746.336522
0.035 0.574383 4256.712818
0.035 0.587203 237.753309
0.035 0.593345 1544.720410
0.035 0.597556 4245.593418
0.035 0.624305 6539.650030
0.035 0.662148 132.906490
0.035 0.684012 195.174483
0.035 0.782190 61.187277
0.035 0.786921 477.344638
0.035 0.804513 172.752145
0.035 0.814667 284.871901
0.035 0.842466 84.709307
0.04 0.557084 1717.447369
0.04 0.572280 4116.407652
0.04 0.587277 231.328782
0.04 0.593462 1582.417679
0.04 0.598088 5045.689122
0.04 0.601344 1074.705423
0.04 0.625938 5559.817494
0.04 0.683889 294.705049
0.04 0.781828 101.091257
0.04 0.785451 457.819663
0.04 0.803365 166.059397
0.04 0.809525 77.427834
0.04 0.816208 293.261870
0.04 0.843671 87.036160
0.045 0.554804 726.465043
0.045 0.570109 4069.482842
0.045 0.587345 241.353425
0.045 0.593580 1592.739648
0.045 0.598565 6034.226179
0.045 0.603098 416.467237
0.045 0.627694 4900.709225
0.045 0.653911 933.865295
0.045 0.658484 57.786105
0.045 0.685365 1120.396754
0.045 0.688467 163.103455
0.045 0.716363 670.281670
0.045 0.777786 106.806629
0.045 0.783940 442.032497
0.045 0.802120 160.504602
0.045 0.817796 299.532823
0.045 0.845049 86.193594
0.05 0.552362 1026.890224
0.05 0.567885 4041.254042
0.05 0.573049 4034.779368
0.05 0.587436 236.425113
0.05 0.593705 1603.412572
0.05 0.598997 7204.880729
0.05 0.605144 265.976431
0.05 0.629552 4417.690605
0.05 0.690943 129.696924
0.05 0.718734 245.261986
0.05 0.774726 71.680468
0.05 0.782402 428.959128
0.05 0.800791 155.401024
0.05 0.819415 306.076283
0.05 0.846454 88.257486
0.055 0.549989 705.142517
0.055 0.565616 4036.179321
0.055 0.587559 238.637126
0.055 0.593840 1609.975143
0.055 0.599392 8598.047546
0.055 0.607611 328.703315
0.055 0.631494 4066.689045
0.055 0.647098 1028.612309
0.055 0.683939 332.986458
0.055 0.688125 -114.931189
0.055 0.722145 478.403091
0.055 0.775056 1012.818503
0.055 0.780846 418.034141
0.055 0.799401 150.976640
0.055 0.821060 311.908845
0.055 0.847914 89.256174
0.06 0.547439 831.946850
0.06 0.563309 4051.086515
0.06 0.573300 4926.116016
0.06 0.587662 239.537510
0.06 0.593985 1615.892848
0.06 0.599757 10215.505487
0.06 0.610844 151.667532
0.06 0.633502 3794.258771
0.06 0.643631 -573.527310
0.06 0.685863 -3813.085751
0.06 0.690541 66.543011
0.06 0.725688 580.047630
0.06 0.772501 83.290832
0.06 0.779272 408.761757
0.06 0.797971 146.975720
0.06 0.822726 317.641949
0.06 0.849459 90.711184
0.065 0.044996 265.981774
0.065 0.545013 968.568114
0.065 0.560971 4089.188928
0.065 0.573448 4897.112315
0.065 0.587796 239.026994
0.065 0.594141 1623.082095
0.065 0.600100 12046.086142
0.065 0.611930 -1409.331096
0.065 0.635559 3580.545349
0.065 0.640338 388.199730
0.065 0.643796 171.733382
0.065 0.686257 533.422948
0.065 0.687179 107.133830
0.065 0.728893 751.725624
0.065 0.770107 79.580733
0.065 0.777689 401.093127
0.065 0.796501 143.503455
0.065 0.824410 322.755479
0.065 0.851027 91.667338
0.07 0.542704 2844.644949
0.07 0.558605 4144.532405
0.07 0.587955 233.551011
0.07 0.594308 1632.659200
0.07 0.600427 14051.079613
0.07 0.636702 396.212881
0.07 0.637628 1750.101111
0.07 0.639576 834.653205
0.07 0.683726 -210.166811
0.07 0.732055 1131.471286
0.07 0.735589 203.420707
0.07 0.769163 85.960498
0.07 0.776099 394.353779
0.07 0.795002 140.577898
0.07 0.826106 327.619983
0.07 0.852619 92.736262
0.075 0.539759 867.844778
0.075 0.556216 4219.165233
0.075 0.573803 3996.851099
0.075 0.588106 237.485972
0.075 0.594487 1639.766352
0.075 0.600743 16153.226709
0.075 0.636020 148.735224
0.075 0.639860 1470.551192
0.075 0.685063 646.397111
0.075 0.735403 1189.673090
0.075 0.738829 321.155438
0.075 0.766237 74.870687
0.075 0.774504 388.655984
0.075 0.793480 137.898152
0.075 0.827816 332.433717
0.075 0.854253 93.906500
0.08 0.054945 -166.858496
0.08 0.537343 698.041350
0.08 0.553805 4311.386508
0.08 0.574003 6112.828708
0.08 0.588258 247.454385
0.08 0.594678 1646.827649
0.08 0.601050 18246.507817
0.08 0.630040 677.471161
0.08 0.632584 123.359184
0.08 0.636311 67.692514
0.08 0.642100 1360.735494
0.08 0.687529 126.637732
0.08 0.738777 1069.008744
0.08 0.741121 283.904138
0.08 0.765630 92.839606
0.08 0.772904 383.588928
0.08 0.791938 135.493837
0.08 0.829536 337.078740
0.08 0.855927 94.944390
0.085 0.534984 5148.528285
0.085 0.551377 4418.085108
0.085 0.574238 5975.677687
0.085 0.588477 252.944059
0.085 0.594880 1659.056765
0.085 0.601353 20107.244169
0.085 0.624801 -53.126083
0.085 0.628630 193.375221
0.085 0.644358 1361.532514
0.085 0.688518 122.723070
0.085 0.742018 998.528779
0.085 0.763211 95.260759
0.085 0.771303 379.481238
0.085 0.790379 133.328772
0.085 0.831265 341.479380
0.085 0.857620 95.873480
0.09 0.061668 -184.190599
0.09 0.532208 616.323261
0.09 0.548932 4540.962008
0.09 0.574442 6191.738189
0.09 0.588605 251.656956
0.09 0.595094 1669.941503
0.09 0.601653 21490.513984
0.09 0.623179 988.190110
0.09 0.626015 71.002523
0.09 0.646635 1371.152032
0.09 0.687152 523.585598
0.09 0.745412 1023.854186
0.09 0.747289 252.371962
0.09 0.761370 107.176561
0.09 0.769702 375.812323
0.09 0.788806 131.445906
0.09 0.828035 74.897257
0.09 0.833003 346.887102
0.09 0.859329 97.469990
0.095 0.065065 -185.628315
0.095 0.529680 477.487350
0.095 0.546472 4681.803846
0.095 0.574683 11810.701251
0.095 0.588774 263.347601
0.095 0.595319 1682.816169
0.095 0.601953 22362.801826
0.095 0.619950 539.416530
0.095 0.620982 118.828843
0.095 0.648927 1399.534720
0.095 0.687558 1256.248260
0.095 0.690456 60.917070
0.095 0.748730 1039.527771
0.095 0.750876 232.750620
0.095 0.758537 140.757230
0.095 0.768098 373.099944
0.095 0.787225 129.619040
0.095 0.830239 88.997074
0.095 0.834748 351.233742
0.095 0.861058 98.349494
0.1 0.543999 4838.285764
0.1 0.588955 266.122300
0.1 0.595555 1701.239706
0.1 0.602253 22503.567935
0.1 0.616405 630.384808
0.1 0.618058 115.936527
0.1 0.651231 1434.304644
0.1 0.687749 58568.200895
0.1 0.751954 952.528394
0.1 0.754839 347.951490
0.1 0.766497 371.124656
0.1 0.785636 128.134559
0.1 0.832491 86.319051
0.1 0.836499 355.766180
0.1 0.862789 99.626420
0.105 0.071864 -181.770623
0.105 0.524586 385.519274
0.105 0.541514 5015.437426
0.105 0.575196 29983.523904
0.105 0.589119 274.929214
0.105 0.595802 1720.277206
0.105 0.602553 21968.153561
0.105 0.613007 715.351731
0.105 0.614657 108.869623
0.105 0.653546 1478.323598
0.105 0.688278 1524.220380
0.105 0.691250 56.839601
0.105 0.755317 785.427345
0.105 0.757888 313.053829
0.105 0.764888 371.497289
0.105 0.784040 126.564382
0.105 0.834118 98.565840
0.105 0.838258 360.084890
0.105 0.864555 100.811749
0.11 0.075290 -247.141972
0.11 0.522235 581.925430
0.11 0.539017 5210.942631
0.11 0.575453 10897.515450
0.11 0.589276 265.244299
0.11 0.596059 1748.721587
0.11 0.602853 20786.875470
0.11 0.609588 3628.990221
0.11 0.611387 97.750620
0.11 0.655870 1527.593540
0.11 0.690657 240.286086
0.11 0.758582 663.631746
0.11 0.761101 246.288152
0.11 0.763267 364.273240
0.11 0.782447 125.568214
0.11 0.840020 363.230666
0.11 0.866292 102.081716
0.115 0.536510 5429.152758
0.115 0.575745 -84128.780649
0.115 0.589485 296.636367
0.115 0.596325 1786.829187
0.115 0.603146 19781.796457
0.115 0.607774 65.812880
0.115 0.658201 1583.726579
0.115 0.690750 126.097727
0.115 0.761742 1736.847564
0.115 0.761890 269.545506
0.115 0.780844 123.937322
0.115 0.838090 90.166586
0.115 0.841791 369.388778
0.115 0.868101 103.986044
0.12 0.517063 412.113172
0.12 0.533993 5672.863042
0.12 0.576037 26735.738757
0.12 0.589595 271.660928
0.12 0.596599 1841.337099
0.12 0.602742 1458.724682
0.12 0.603434 3896.733098
0.12 0.605357 155.056039
0.12 0.660538 1645.519505
0.12 0.692024 131.095321
0.12 0.750755 81.509657
0.12 0.760243 343.436198
0.12 0.764907 651.060442
0.12 0.774245 92.125731
0.12 0.779213 123.125376
0.12 0.839823 107.333300
0.12 0.843565 374.009915
0.12 0.869889 105.405403
0.125 0.085505 -291.754835
0.125 0.514437 409.349238
0.125 0.531468 5941.713152
0.125 0.576364 20152.398415
0.125 0.589794 273.552288
0.125 0.596869 1951.522863
0.125 0.602649 138.887945
0.125 0.603782 1794.773164
0.125 0.662879 1713.336456
0.125 0.689844 1581.140995
0.125 0.694001 50.680428
0.125 0.758608 341.055196
0.125 0.768277 608.520983
0.125 0.772063 2670.650138
0.125 0.777613 120.674243
0.125 0.845342 377.493377
0.125 0.871677 106.893056
0.13 0.088894 -198.125041
0.13 0.511754 376.208837
0.13 0.528933 6241.091072
0.13 0.576692 29862.192351
0.13 0.589844 297.896896
0.13 0.596691 626.099868
0.13 0.597107 1121.213294
0.13 0.604151 1585.320071
0.13 0.665224 1787.791513
0.13 0.690379 849.893443
0.13 0.691972 104.642326
0.13 0.757007 338.138090
0.13 0.771957 1274.289216
0.13 0.776121 117.531917
0.13 0.847125 383.004656
0.13 0.873495 109.609923
0.135 0.092297 -203.468582
0.135 0.509160 356.577933
0.135 0.526391 6575.139475
0.135 0.577045 -46621.928645
0.135 0.589794 341.110950
0.135 0.597447 1096.986306
0.135 0.604543 1351.252081
0.135 0.667570 1869.539269
0.135 0.690757 1450.557738
0.135 0.694211 51.370888
0.135 0.755410 336.308939
0.135 0.774224 121.741127
0.135 0.775478 280.582618
0.135 0.775616 786.415536
0.135 0.845978 105.870579
0.135 0.848913 390.425041
0.135 0.875273 114.312654
0.14 0.095690 -204.439691
0.14 0.523841 6949.890537
0.14 0.577377 -22679.439558
0.14 0.588974 483.764166
0.14 0.597822 1002.928931
0.14 0.604938 1267.638114
0.14 0.669917 1960.175863
0.14 0.691224 2039.654336
0.14 0.753825 334.030812
0.14 0.772717 127.279430
0.14 0.777427 449.817818
0.14 0.778918 1173.128839
0.14 0.850698 395.101814
0.14 0.877034 121.276635
0.145 0.099083 -275.899058
0.145 0.504049 369.015929
0.145 0.521284 7366.855073
0.145 0.577744 18767.099325
0.145 0.588860 124.972835
0.145 0.598187 934.211170
0.145 0.605338 1193.280492
0.145 0.672263 2061.766879
0.145 0.691829 1191.517016
0.145 0.694423 186.866265
0.145 0.742019 86.725388
0.145 0.752245 331.756696
0.145 0.771156 126.077808
0.145 0.780533 459.427761
0.145 0.782199 1301.239799
0.145 0.849888 99.969665
0.145 0.852495 404.726366
0.145 0.878675 134.752469
0.145 0.896376 145.460756
0.15 0.102482 -214.450473
0.15 0.501475 353.350384
0.15 0.518720 7837.847897
0.15 0.578108 6889.004048
0.15 0.582451 824.413072
0.15 0.584910 94.626359
0.15 0.590617 120.664007
0.15 0.598570 898.099946
0.15 0.605749 1144.628769
0.15 0.674607 2176.282842
0.15 0.692333 1160.473211
0.15 0.694929 193.111839
0.15 0.740328 82.212417
0.15 0.750669 329.567018
0.15 0.769586 125.435008
0.15 0.783618 444.636607
0.15 0.785497 1404.035029
0.15 0.851970 106.981852
0.15 0.854288 413.990118
0.15 0.879865 149.268626
0.15 0.893054 111.557937
0.155 0.105863 -278.927540
0.155 0.516149 8368.476641
0.155 0.578405 4073.640988
0.155 0.581019 93.759859
0.155 0.591056 90.046015
0.155 0.598960 876.969466
0.155 0.606168 1115.607998
0.155 0.676948 2307.366270
0.155 0.692798 1272.879639
0.155 0.696093 67.482191
0.155 0.749099 327.289521
0.155 0.768012 125.103578
0.155 0.786666 395.002488
0.155 0.790368 370.912948
0.155 0.854487 115.049852
0.155 0.856080 425.760992
0.155 0.880621 134.313151
0.155 0.893404 140.953647
0.16 0.109260 -225.319490
0.16 0.496217 433.096247
0.16 0.513572 8964.460044
0.16 0.576194 416.904348
0.16 0.578726 98413.975665
0.16 0.592147 61.189260
0.16 0.599360 857.772078
0.16 0.606594 1095.128332
0.16 0.679284 2459.979917
0.16 0.693343 1213.172181
0.16 0.696712 69.229658
0.16 0.735320 83.532534
0.16 0.747532 325.351492
0.16 0.766443 124.655485
0.16 0.789722 399.041165
0.16 0.792033 1693.755301
0.16 0.856040 126.721384
0.16 0.857868 441.732325
0.16 0.880633 86.066995
0.16 0.884894 77.288885
0.16 0.889662 181.567017
0.165 0.112627 -290.031016
0.165 0.493715 347.675746
0.165 0.510988 9651.714017
0.165 0.572732 75.336054
0.165 0.579336 4919.062269
0.165 0.592802 85.466801
0.165 0.599772 848.314193
0.165 0.607030 1080.408303
0.165 0.681614 2643.679230
0.165 0.693543 520.514969
0.165 0.733123 82.415897
0.165 0.745971 323.229672
0.165 0.764878 124.367675
0.165 0.792784 375.543940
0.165 0.797333 707.040671
0.165 0.857407 116.756369
0.165 0.859646 464.663281
0.165 0.885213 103.412108
0.165 0.887697 176.662619
0.17 0.116027 -249.754406
0.17 0.491127 327.576568
0.17 0.508398 10429.900101
0.17 0.568713 883.963043
0.17 0.571473 68.978629
0.17 0.579706 3349.018626
0.17 0.593172 89.063379
0.17 0.600193 841.376159
0.17 0.607474 1072.523470
0.17 0.683934 2864.395518
0.17 0.694475 717.284254
0.17 0.696501 138.331445
0.17 0.744414 320.978278
0.17 0.763321 124.256908
0.17 0.795711 370.333234
0.17 0.798719 1472.721784
0.17 0.803409 -4110.758220
0.17 0.860023 145.105732
0.17 0.861387 501.913085
0.17 0.870687 70.714215
0.17 0.884678 210.644016
0.17 0.888765 107.686203
0.175 0.119406 -264.963353
0.175 0.488390 228.864272
0.175 0.505803 11319.590270
0.175 0.567203 703.946173
0.175 0.580106 1454.419431
0.175 0.593521 86.515123
0.175 0.600625 836.484473
0.175 0.607928 1069.424249
0.175 0.686242 3144.240844
0.175 0.695107 610.871286
0.175 0.696752 221.640552
0.175 0.742862 318.974459
0.175 0.761768 124.124747
0.175 0.798726 347.816582
0.175 0.801779 -33589.507519
0.175 0.861490 165.067572
0.175 0.863033 553.872570
0.175 0.869520 91.558636
0.175 0.883100 217.134483
0.175 0.888011 -17063.906840
0.175 0.888691 308.051755
0.175 0.890234 102.419300
0.175 0.999485 438.643064
0.18 0.122780 -290.616917
0.18 0.503201 12371.538500
0.18 0.560480 6271.653251
0.18 0.563198 107.204861
0.18 0.582655 571.132698
0.18 0.594217 91.099523
0.18 0.601068 833.129400
0.18 0.608390 1070.156418
0.18 0.688533 3506.236515
0.18 0.697318 96.358457
0.18 0.741312 316.732330
0.18 0.760225 123.601553
0.18 0.801684 384.115001
0.18 0.804765 353.072465
0.18 0.863171 203.530772
0.18 0.864424 509.925167
0.18 0.868300 104.909622
0.18 0.881845 211.321823
0.18 0.885112 -1173.815523
0.18 0.891321 97.152999
0.18 0.997103 422.960605
0.185 0.126119 -395.545996
0.185 0.483391 225.417358
0.185 0.500594 13567.001246
0.185 0.558453 946.145765
0.185 0.562094 54.445974
0.185 0.581095 2139.872910
0.185 0.594807 96.633308
0.185 0.601522 832.624889
0.185 0.608862 1073.621469
0.185 0.690801 4017.707867
0.185 0.696465 490.306715
0.185 0.698216 399.252439
0.185 0.739772 315.020038
0.185 0.758688 123.985179
0.185 0.804655 327.020147
0.185 0.810799 421.913082
0.185 0.864051 344.495997
0.185 0.866148 262.008355
0.185 0.867388 116.824046
0.185 0.880012 158.365187
0.185 0.885321 272.920055
0.185 0.888528 144.400075
0.185 0.893580 99.509947
0.185 0.994703 407.832094
0.19 0.129521 -364.718939
0.19 0.480607 244.123671
0.19 0.497982 14977.112876
0.19 0.555011 967.719235
0.19 0.581611 1629.911214
0.19 0.595468 98.267525
0.19 0.601986 832.653351
0.19 0.609343 1079.713499
0.19 0.693031 4771.247914
0.19 0.697206 536.027877
0.19 0.700093 210.575851
0.19 0.723378 52.734173
0.19 0.738234 313.309966
0.19 0.757161 123.920143
0.19 0.807611 334.146339
0.19 0.811690 548.417788
0.19 0.863990 256.825486
0.19 0.866277 174.787202
0.19 0.868768 239.928912
0.19 0.879354 8376.718386
0.19 0.886282 369.121524
0.19 0.895364 93.916285
0.19 0.992325 405.869928
0.195 0.132838 -554.679980
0.195 0.478346 158.110825
0.195 0.495363 16647.908536
0.195 0.551644 815.670681
0.195 0.554277 53.871215
0.195 0.582154 1283.338919
0.195 0.596033 100.159221
0.195 0.602461 833.657821
0.195 0.609833 1088.158707
0.195 0.695197 5963.226148
0.195 0.697998 505.143210
0.195 0.700705 193.068357
0.195 0.736702 311.253558
0.195 0.755652 123.899819
0.195 0.810521 318.838323
0.195 0.817109 347.071824
0.195 0.862491 166.047889
0.195 0.866366 385.651509
0.195 0.870727 284.666718
0.195 0.880746 432.785116
0.195 0.897326 95.139961
0.195 0.989972 413.096829
0.2 0.135596 51.636146
0.2 0.136242 -568.184421
0.2 0.475551 103.411499
0.2 0.492740 18617.213455
0.2 0.548914 207.110910
0.2 0.582683 1166.762949
0.2 0.596728 101.904497
0.2 0.602947 835.256787
0.2 0.610333 1098.620001
0.2 0.697217 7225.939072
0.2 0.698955 435.101393
0.2 0.700268 288.401424
0.2 0.735174 309.491089
0.2 0.754153 123.936626
0.2 0.813462 325.274409
0.2 0.818086 -918.340672
0.2 0.860675 141.008322
0.2 0.865935 865.538862
0.2 0.872568 311.953119
0.2 0.878134 411.998429
0.2 0.899201 95.156904
0.2 0.987647 409.252354
0.205 0.139530 -1188.007425
0.205 0.490111 21018.708481
0.205 0.545640 214.401470
0.205 0.583227 1031.007220
0.205 0.597133 99.868777
0.205 0.603443 837.985687
0.205 0.610841 1110.714287
0.205 0.698812 1937.795205
0.205 0.700117 572.233566
0.205 0.701542 137.772255
0.205 0.702947 197.228473
0.205 0.733653 307.083803
0.205 0.752679 124.220531
0.205 0.816303 312.727309
0.205 0.824053 178.788427
0.205 0.858916 126.251044
0.205 0.864933 1495.623651
0.205 0.874397 339.078191
0.205 0.901154 93.963844
0.205 0.985282 401.733435
0.21 0.142861 -3623.548039
0.21 0.469709 -1341.665891
0.21 0.487477 23956.359120
0.21 0.541530 690.135532
0.21 0.542844 54.435831
0.21 0.583793 1127.683432
0.21 0.597799 107.021140
0.21 0.603951 841.206032
0.21 0.611360 1124.613137
0.21 0.699832 930.937999
0.21 0.701707 504.737675
0.21 0.703712 169.130102
0.21 0.707609 83.355048
0.21 0.732136 304.326444
0.21 0.751222 124.608433
0.21 0.819229 309.491111
0.21 0.857160 131.143617
0.21 0.863575 1512.398403
0.21 0.876172 336.979621
0.21 0.903059 94.341927
0.21 0.982915 400.326416
0.215 0.146182 2732.270795
0.215 0.467597 107.326776
0.215 0.484837 27459.581791
0.215 0.538538 199.374504
0.215 0.584362 1038.881404
0.215 0.598341 107.886737
0.215 0.604469 844.842237
0.215 0.611887 1139.874601
0.215 0.700635 797.207494
0.215 0.703202 272.736732
0.215 0.705018 240.962359
0.215 0.709380 72.859916
0.215 0.730624 301.747764
0.215 0.749788 124.861335
0.215 0.822071 309.054202
0.215 0.855574 125.990715
0.215 0.861978 1299.695019
0.215 0.876967 101.866272
0.215 0.878009 333.005705
0.215 0.905008 95.263463
0.215 0.980563 398.815319
0.22 0.149483 981.752246
0.22 0.482193 31960.920625
0.22 0.534776 768.861349
0.22 0.535289 53.016328
0.22 0.584928 1159.761777
0.22 0.598871 118.125860
0.22 0.604997 848.676741
0.22 0.612424 1156.628975
0.22 0.688950 231.998391
0.22 0.701390 762.682509
0.22 0.704073 204.787079
0.22 0.706985 305.542839
0.22 0.710174 75.132653
0.22 0.729115 299.437665
0.22 0.748385 125.278842
0.22 0.824949 306.899379
0.22 0.853535 123.534570
0.22 0.860358 1185.758813
0.22 0.870829 4455.492487
0.22 0.879831 336.053332
0.22 0.906902 95.015547
0.22 0.978223 404.027439
0.225 0.152767 601.384165
0.225 0.463070 -100.605076
0.225 0.479543 37558.643559
0.225 0.531313 707.912091
0.225 0.532252 51.334037
0.225 0.585512 1136.758759
0.225 0.599403 121.176672
0.225 0.605537 853.003566
0.225 0.612969 1174.383352
0.225 0.690933 824.172275
0.225 0.702139 744.374901
0.225 0.704859 187.584877
0.225 0.709073 290.491337
0.225 0.710873 77.194756
0.225 0.727615 297.247865
0.225 0.747019 125.849476
0.225 0.827755 315.917398
0.225 0.851597 128.569852
0.225 0.858688 1171.201153
0.225 0.881682 335.283694
0.225 0.908830 95.163187
0.225 0.975892 397.349740
0.23 0.156078 263.773199
0.23 0.156427 71.216368
0.23 0.476888 44503.815305
0.23 0.527667 186.306557
0.23 0.586131 1062.266758
0.23 0.600042 121.095761
0.23 0.606087 857.965899
0.23 0.613524 1193.174987
0.23 0.702894 723.166756
0.23 0.705603 178.257684
0.23 0.711292 82.349951
0.23 0.711303 247.129230
0.23 0.726123 294.216694
0.23 0.745703 126.635954
0.23 0.830548 321.676087
0.23 0.850270 115.681882
0.23 0.856729 1462.434682
0.23 0.883530 336.693720
0.23 0.910755 95.498391
0.23 0.973534 390.125532
0.235 0.159264 259.042881
0.235 0.160045 77.393127
0.235 0.456360 115.595966
0.235 0.474228 53101.640612
0.235 0.529003 379.582568
0.235 0.586714 983.335490
0.235 0.600492 121.399842
0.235 0.606647 862.791817
0.235 0.614088 1212.957263
0.235 0.694623 13343.018317
0.235 0.703658 708.888889
0.235 0.706393 173.405606
0.235 0.711699 81.568177
0.235 0.713646 238.117417
0.235 0.724638 289.071850
0.235 0.744452 127.854257
0.235 0.833328 339.342467
0.235 0.838477 730.220275
0.235 0.845643 490.821878
0.235 0.847689 93.162917
0.235 0.885382 337.085046
0.235 0.912682 95.904256
0.235 0.971170 387.272241
0.24 0.162484 286.543423
0.24 0.163662 74.035758
0.24 0.453845 84.333748
0.24 0.471562 65078.572845
0.24 0.520094 231.441588
0.24 0.587355 1109.129161
0.24 0.601112 133.049287
0.24 0.607218 868.317417
0.24 0.614661 1233.889569
0.24 0.696574 -26916.170355
0.24 0.704412 710.748561
0.24 0.707129 170.822567
0.24 0.712181 83.142576
0.24 0.715773 246.610411
0.24 0.723149 282.130327
0.24 0.743290 129.389746
0.24 0.835962 401.866501
0.24 0.841280 -1895.558192
0.24 0.846090 133.919940
0.24 0.853434 1441.722462
0.24 0.861526 611.066465
0.24 0.887238 337.938342
0.24 0.914629 96.744385
0.24 0.968822 383.411005
0.245 0.165724 322.685198
0.245 0.167262 73.803532
0.245 0.468892 81308.912800
0.245 0.515950 53.735004
0.245 0.518020 3644.960816
0.245 0.587994 1152.919009
0.245 0.601646 126.770084
0.245 0.607799 873.988771
0.245 0.615243 1255.004933
0.245 0.697655 62.580765
0.245 0.704931 639.856618
0.245 0.713185 311.827467
0.245 0.717701 240.173780
0.245 0.721640 276.763225
0.245 0.742279 131.797184
0.245 0.838485 563.058885
0.245 0.848029 920.587578
0.245 0.858697 4581.426400
0.245 0.889094 338.301378
0.245 0.916519 95.954487
0.245 0.966476 391.171825
0.25 0.168970 375.756807
0.25 0.170736 78.378385
0.25 0.448369 170.897033
0.25 0.466217 97835.955726
0.25 0.514082 756.352288
0.25 0.588593 1099.126310
0.25 0.602120 138.288157
0.25 0.608391 879.734001
0.25 0.615834 1277.532097
0.25 0.705328 -433.264095
0.25 0.705969 704.176735
0.25 0.708463 162.761928
0.25 0.712549 91.698272
0.25 0.719510 232.669172
0.25 0.720133 276.759959
0.25 0.741379 134.734510
0.25 0.839953 954.414301
0.25 0.844744 89.472128
0.25 0.848677 1202.633495
0.25 0.854384 9263.223623
0.25 0.890954 339.569176
0.25 0.918497 96.979392
0.25 0.964125 382.431367
0.255 0.172221 434.270214
0.255 0.174248 76.625348
0.255 0.463536 117673.318690
0.255 0.514762 -123.829681
0.255 0.589304 1118.386709
0.255 0.602858 146.331512
0.255 0.608993 886.600482
0.255 0.616433 1300.552109
0.255 0.704261 2524.043101
0.255 0.706683 713.922840
0.255 0.709100 169.114580
0.255 0.713877 91.850168
0.255 0.718741 265.646674
0.255 0.721148 218.693832
0.255 0.740728 139.460778
0.255 0.839830 435.968957
0.255 0.845443 121.773782
0.255 0.892816 340.718916
0.255 0.920416 97.291241
0.255 0.961780 376.544855
0.26 0.175474 498.628240
0.26 0.177787 75.269437
0.26 0.460851 140467.899874
0.26 0.589933 1027.713145
0.26 0.603257 143.127682
0.26 0.609605 892.810364
0.26 0.617041 1323.689171
0.26 0.705358 8110.230006
0.26 0.707371 773.676701
0.26 0.709312 195.688976
0.26 0.717216 239.415808
0.26 0.722396 207.449291
0.26 0.740423 146.292464
0.26 0.848506 127.911781
0.26 0.894680 341.563274
0.26 0.922348 96.577308
0.26 0.959429 376.942512
0.265 0.178728 585.438420
0.265 0.181205 74.891841
0.265 0.458160 152493.014496
0.265 0.510030 52.805956
0.265 0.590569 1028.741965
0.265 0.603789 149.616262
0.265 0.610227 899.426057
0.265 0.617656 1347.588728
0.265 0.708183 1579.531998
0.265 0.710637 250.109915
0.265 0.715519 237.137814
0.265 0.716341 131.814034
0.265 0.723261 194.126767
0.265 0.740475 156.108021
0.265 0.850194 161.551224
0.265 0.896546 343.978288
0.265 0.924316 98.453791
0.265 0.957063 368.104569
0.27 0.181980 683.091281
0.27 0.184751 76.668082
0.27 0.455464 158577.122764
0.27 0.500440 677.787057
0.27 0.591260 1138.530834
0.27 0.604372 163.810748
0.27 0.610859 906.766326
0.27 0.618281 1371.999843
0.27 0.697802 286.126672
0.27 0.708123 1458.754512
0.27 0.709067 2787.036328
0.27 0.711370 274.216220
0.27 0.714346 272.380502
0.27 0.723667 180.975255
0.27 0.728807 78.008566
0.27 0.740999 170.237062
0.27 0.849807 207.394308
0.27 0.852916 166.034790
0.27 0.898417 345.207070
0.27 0.902602 129.800188
0.27 0.926306 99.246054
0.27 0.954696 366.053678
0.275 0.185229 793.350732
0.275 0.188122 65.867381
0.275 0.437469 112.570569
0.275 0.452763 145588.738537
0.275 0.496970 704.466103
0.275 0.591975 1130.414684
0.275 0.604987 167.959507
0.275 0.611501 914.651413
0.275 0.618913 1396.345057
0.275 0.709371 4119.741824
0.275 0.709858 5181.113278
0.275 0.711719 396.244202
0.275 0.713833 236.032772
0.275 0.718503 87.339795
0.275 0.723655 171.251313
0.275 0.741971 185.690003
0.275 0.844673 528.526588
0.275 0.855889 161.522298
0.275 0.872082 755.711730
0.275 0.900288 347.624233
0.275 0.903472 152.714562
0.275 0.928261 100.163269
0.275 0.952350 360.639323
0.28 0.188474 948.059250
0.28 0.191764 83.638794
0.28 0.450057 128614.557760
0.28 0.592684 1030.611086
0.28 0.606134 165.140870
0.28 0.612153 923.291030
0.28 0.619553 1420.306934
0.28 0.709783 4387.375194
0.28 0.711869 747.319507
0.28 0.716047 375.331345
0.28 0.723363 156.457014
0.28 0.743124 205.458835
0.28 0.858865 146.580887
0.28 0.902167 351.389263
0.28 0.930239 100.986102
0.28 0.949971 353.398391
0.285 0.191715 1127.819811
0.285 0.195303 75.289027
0.285 0.447346 104385.599810
0.285 0.593392 1147.889715
0.285 0.606165 175.810277
0.285 0.612814 930.902049
0.285 0.620200 1445.194500
0.285 0.692804 465.391409
0.285 0.709167 2060.052973
0.285 0.711489 -5287.307984
0.285 0.712404 771.896416
0.285 0.715013 200.448064
0.285 0.720172 104.913744
0.285 0.722720 143.232166
0.285 0.744972 212.800528
0.285 0.861550 164.751938
0.285 0.879480 7881.934121
0.285 0.904045 353.448244
0.285 0.932166 102.648960
0.285 0.947626 345.109586
0.29 0.194951 1357.762513
0.29 0.198752 76.312023
0.29 0.444630 83131.170601
0.29 0.486715 634.052671
0.29 0.594140 1082.746646
0.29 0.606814 179.723036
0.29 0.613485 939.926979
0.29 0.620855 1469.420701
0.29 0.691127 505.262672
0.29 0.708081 1496.382137
0.29 0.713228 814.117046
0.29 0.715780 212.095320
0.29 0.720705 140.939734
0.29 0.722071 100.326356
0.29 0.746801 224.165599
0.29 0.864357 157.919726
0.29 0.905927 355.336310
0.29 0.934162 103.452421
0.29 0.945276 336.038186
0.295 0.198182 1649.618621
0.295 0.202192 78.032075
0.295 0.441908 66347.574355
0.295 0.489526 52.345603
0.295 0.594889 1141.733191
0.295 0.607465 189.732015
0.295 0.614165 949.266555
0.295 0.621517 1493.593232
0.295 0.689368 202.330585
0.295 0.702856 101.845105
0.295 0.706868 1284.291965
0.295 0.714132 862.339580
0.295 0.716520 231.167478
0.295 0.720254 187.959650
0.295 0.722613 81.458475
0.295 0.748782 233.706955
0.295 0.838760 194.827227
0.295 0.867051 160.573653
0.295 0.882984 315.610780
0.295 0.907809 357.137452
0.295 0.936106 105.879693
0.295 0.942922 316.961418
0.3 0.201409 2055.592400
0.3 0.205614 86.188221
0.3 0.424364 -397.749666
0.3 0.439181 53316.871702
0.3 0.479553 770.752294
0.3 0.595613 1013.645987
0.3 0.608036 184.115044
0.3 0.614854 958.529644
0.3 0.622185 1517.011570
0.3 0.703888 58.976405
0.3 0.705602 1174.432115
0.3 0.715047 991.465052
0.3 0.717208 288.155351
0.3 0.719844 179.544657
0.3 0.750885 242.820308
0.3 0.837331 170.761572
0.3 0.869833 164.078119
0.3 0.909689 360.049450
0.3 0.938209 114.887662
0.3 0.940449 274.681677
0.305 0.204630 2478.509539
0.305 0.209129 82.828153
0.305 0.436449 43634.221389
0.305 0.476657 680.414806
0.305 0.596362 1008.228291
0.305 0.608614 187.666496
0.305 0.615552 968.600378
0.305 0.622860 1539.989852
0.305 0.704314 1088.864203
0.305 0.715624 1358.798966
0.305 0.715809 981.875803
0.305 0.717435 395.317860
0.305 0.720095 167.174673
0.305 0.722930 65.444290
0.305 0.753015 248.195182
0.305 0.872552 155.528148
0.305 0.893016 226.176126
0.305 0.911573 362.773018
0.305 0.937732 348.577191
0.305 0.940513 103.546136
0.31 0.207846 3140.554417
0.31 0.212555 86.131474
0.31 0.433712 36014.574264
0.31 0.468789 50.277078
0.31 0.597108 1070.241943
0.31 0.609161 200.517608
0.31 0.616259 978.759161
0.31 0.623542 1562.726656
0.31 0.703014 1032.312111
0.31 0.716050 1566.659417
0.31 0.717822 452.397670
0.31 0.721028 128.414378
0.31 0.721532 86.873342
0.31 0.755228 255.478455
0.31 0.832265 -1704.155178
0.31 0.875132 169.000023
0.31 0.913458 367.515651
0.31 0.935555 379.006696
0.31 0.942327 101.989632
0.315 0.211055 3949.334194
0.315 0.215956 74.710520
0.315 0.414696 115.648923
0.315 0.430969 29407.849704
0.315 0.469647 598.529051
0.315 0.597833 1038.432155
0.315 0.609691 205.793729
0.315 0.616975 989.784343
0.315 0.624229 1584.358499
0.315 0.685159 146.332600
0.315 0.701711 991.919637
0.315 0.709019 -312.760231
0.315 0.715583 1006.002472
0.315 0.718364 358.460606
0.315 0.719864 -1638.209317
0.315 0.757472 261.349779
0.315 0.829088 -255.216569
0.315 0.877454 173.320631
0.315 0.897709 1216.800103
0.315 0.915346 370.555512
0.315 0.919830 406.900536
0.315 0.933273 375.910136
0.315 0.944000 103.680231
0.32 0.214259 5030.986487
0.32 0.219475 80.020388
0.32 0.428221 24726.275758
0.32 0.466249 595.486467
0.32 0.598721 894.555159
0.32 0.610555 197.905904
0.32 0.617699 1002.624211
0.32 0.624922 1604.570660
0.32 0.698387 110.321464
0.32 0.700406 956.295252
0.32 0.714753 830.528510
0.32 0.718807 1279.834004
0.32 0.719486 672.090365
0.32 0.721823 118.223028
0.32 0.759758 262.597299
0.32 0.831524 437.563645
0.32 0.880712 161.885566
0.32 0.900977 177.109415
0.32 0.917198 356.980972
0.32 0.918480 350.614549
0.32 0.930945 374.589040
0.32 0.946153 102.174688
0.325 0.217457 6629.795739
0.325 0.222946 82.075498
0.325 0.425468 20968.454631
0.325 0.462823 574.073771
0.325 0.599536 887.103280
0.325 0.611221 203.377790
0.325 0.618431 1015.159561
0.325 0.625620 1624.292022
0.325 0.697962 75.923619
0.325 0.699104 926.314273
0.325 0.713778 746.393547
0.325 0.720505 533.728185
0.325 0.722925 112.300794
0.325 0.724188 131.098850
0.325 0.762062 267.166754
0.325 0.883197 163.680587
0.325 0.904858 429.037529
0.325 0.915876 587.074060
0.325 0.919217 387.232987
0.325 0.928592 368.407204
0.325 0.948039 106.262463
0.33 0.220648 8698.306135
0.33 0.226459 88.971206
0.33 0.422709 17934.750020
0.33 0.466272 -160.377109
0.33 0.600322 921.659247
0.33 0.611840 215.631186
0.33 0.619171 1028.509267
0.33 0.626323 1642.820979
0.33 0.679722 138.867068
0.33 0.697805 901.325962
0.33 0.712733 698.954345
0.33 0.721721 408.015450
0.33 0.722878 187.413275
0.33 0.723017 -222.641790
0.33 0.764386 270.203161
0.33 0.823265 -780.301675
0.33 0.886115 157.816661
0.33 0.916588 74.515620
0.33 0.921090 381.265513
0.33 0.926244 366.379214
0.33 0.950074 104.264324
0.335 0.223833 12526.388481
0.335 0.229831 85.856114
0.335 0.419945 15521.262008
0.335 0.456022 541.436727
0.335 0.601171 783.624547
0.335 0.612534 204.971091
0.335 0.619919 1042.721495
0.335 0.627030 1659.626470
0.335 0.679245 943.836614
0.335 0.694181 118.639618
0.335 0.696513 877.915177
0.335 0.711649 668.991916
0.335 0.722696 315.241121
0.335 0.723872 284.058371
0.335 0.766718 274.432752
0.335 0.818440 635.346917
0.335 0.828419 260.192639
0.335 0.888766 156.010693
0.335 0.911591 -722.756216
0.335 0.922929 387.509188
0.335 0.924038 363.912902
0.335 0.952085 106.917026
0.34 0.227011 18477.556960
0.34 0.233241 86.736593
0.34 0.417175 13533.033443
0.34 0.452691 605.849567
0.34 0.602000 748.219093
0.34 0.613200 206.731446
0.34 0.620675 1057.758651
0.34 0.627740 1675.353775
0.34 0.678045 659.245129
0.34 0.693720 166.485400
0.34 0.695226 857.420511
0.34 0.710542 648.768137
0.34 0.723627 250.716177
0.34 0.724774 347.980336
0.34 0.729976 -88.206972
0.34 0.769066 278.012869
0.34 0.813132 68.705142
0.34 0.822748 -160.160223
0.34 0.891284 158.505794
0.34 0.915251 142.794539
0.34 0.921572 363.625213
0.34 0.924866 401.177609
0.34 0.954022 108.796411
0.345 0.230183 28136.432588
0.345 0.236752 93.503868
0.345 0.414400 11825.108094
0.345 0.454209 174.168836
0.345 0.602844 780.907418
0.345 0.613854 219.646637
0.345 0.621437 1073.949887
0.345 0.628454 1689.917096
0.345 0.676341 550.434352
0.345 0.692728 127.392070
0.345 0.693947 838.492981
0.345 0.709422 634.573531
0.345 0.723597 -4045.385873
0.345 0.725112 532.885426
0.345 0.725519 113.018299
0.345 0.771421 281.977226
0.345 0.893827 159.450331
0.345 0.919190 358.551706
0.345 0.926810 414.834298
0.345 0.955920 110.411617
0.35 0.233348 53210.187650
0.35 0.240252 91.349530
0.35 0.411620 10486.732726
0.35 0.445844 574.134676
0.35 0.603713 705.586350
0.35 0.614532 218.181267
0.35 0.622206 1091.317923
0.35 0.629170 1702.390056
0.35 0.675188 390.450914
0.35 0.691966 153.851168
0.35 0.692676 820.953605
0.35 0.708295 625.062391
0.35 0.725629 248.993540
0.35 0.727269 288.716930
0.35 0.732533 75.214409
0.35 0.773784 286.300877
0.35 0.809326 97.514265
0.35 0.817417 272.931930
0.35 0.896417 161.359335
0.35 0.916812 352.682733
0.35 0.922727 858.117082
0.35 0.926050 233.337956
0.35 0.928773 411.190047
0.35 0.931800 137.468678
0.35 0.957853 111.260259
0.355 0.236507 131371.284338
0.355 0.243822 94.971930
0.355 0.408834 9317.244679
0.355 0.442407 544.173906
0.355 0.604584 683.216186
0.355 0.615212 224.878008
0.355 0.622982 1110.030575
0.355 0.629888 1713.535939
0.355 0.691413 804.288364
0.355 0.707167 618.669351
0.355 0.726190 155.898491
0.355 0.728362 1150.901968
0.355 0.733972 89.605382
0.355 0.776153 290.505481
0.355 0.814984 270.873140
0.355 0.899300 177.761786
0.355 0.914457 348.247991
0.355 0.928628 126.085173
0.355 0.930623 385.140286
0.355 0.959918 113.276692
0.36 0.239658 836415.693953
0.36 0.247049 84.117290
0.36 0.406042 8297.798448
0.36 0.605470 707.628927
0.36 0.615899 237.544159
0.36 0.623763 1130.276631
0.36 0.630608 1723.229113
0.36 0.672199 630.478425
0.36 0.690160 788.678880
0.36 0.706042 614.501927
0.36 0.727783 1347.631709
0.36 0.730343 80.606062
0.36 0.778527 295.035466
0.36 0.814554 -61.485618
0.36 0.901479 165.991096
0.36 0.911901 406.202964
0.36 0.912742 342.848006
0.36 0.932449 480.899660
0.36 0.933132 269.017680
0.36 0.961864 115.824138
0.365 0.242803 -162954.229003
0.365 0.249965 79.625405
0.365 0.403245 7474.041322
0.365 0.435509 484.888464
0.365 0.606360 644.286812
0.365 0.616578 237.166315
0.365 0.624550 1152.064642
0.365 0.631328 1730.782991
0.365 0.670754 352.421274
0.365 0.688918 773.501593
0.365 0.704922 612.325488
0.365 0.728961 158.820363
0.365 0.729740 3385.078839
0.365 0.780907 300.472252
0.365 0.816836 -354.533099
0.365 0.904160 164.742898
0.365 0.909694 352.407752
0.365 0.932953 994.066603
0.365 0.934545 469.750289
0.365 0.963881 118.633870
0.37 0.245940 -102519.023779
0.37 0.252094 93.118177
0.37 0.400442 6754.305701
0.37 0.607265 616.706525
0.37 0.617259 243.029377
0.37 0.625341 1175.790121
0.37 0.632047 1736.822674
0.37 0.669574 353.389745
0.37 0.687686 759.002554
0.37 0.703810 611.383279
0.37 0.729728 746.924413
0.37 0.732087 105.891361
0.37 0.783290 307.153383
0.37 0.803518 138.487187
0.37 0.907341 335.515181
0.37 0.936239 930.947249
0.37 0.936648 483.688628
0.37 0.941174 223.086467
0.37 0.965789 120.445743
0.375 0.249073 -74809.157677
0.375 0.256776 82.880483
0.375 0.397634 6110.440415
0.375 0.428660 467.536952
0.375 0.608176 622.836342
0.375 0.617938 256.296813
0.375 0.626137 1201.797884
0.375 0.632765 1741.429528
0.375 0.668191 470.171603
0.375 0.686466 745.097045
0.375 0.702709 611.555245
0.375 0.731073 1035.002466
0.375 0.733837 221.292684
0.375 0.735645 51.177359
0.375 0.785677 315.526075
0.375 0.801909 173.773503
0.375 0.807806 934.291515
0.375 0.904958 344.668145
0.375 0.909364 158.784571
0.375 0.938478 497.554535
0.375 0.939746 832.537292
0.375 0.967668 121.454826
0.38 0.252198 -71623.380878
0.38 0.260681 82.962884
0.38 0.394819 5552.096101
0.38 0.609096 611.177889
0.38 0.618609 267.230680
0.38 0.626937 1230.205855
0.38 0.633481 1744.274935
0.38 0.666757 433.384048
0.38 0.685259 731.399797
0.38 0.701622 612.689717
0.38 0.732301 2115.249552
0.38 0.735385 78.224007
0.38 0.788067 327.284567
0.38 0.805724 1024.190673
0.38 0.902589 342.454782
0.38 0.911958 157.274916
0.38 0.940432 473.498666
0.38 0.944221 1733.703009
0.38 0.969647 123.121493
0.385 0.255315 -68919.075320
0.385 0.264345 86.103866
0.385 0.391999 5070.644281
0.385 0.421798 449.700315
0.385 0.610024 582.690930
0.385 0.619282 275.492496
0.385 0.627740 1261.506576
0.385 0.634193 1745.320207
0.385 0.665532 273.510054
0.385 0.684065 717.571756
0.385 0.685197 101.002926
0.385 0.700549 614.560241
0.385 0.736713 58.196476
0.385 0.736817 205.587405
0.385 0.790459 347.274653
0.385 0.800501 65.792350
0.385 0.804029 291.452037
0.385 0.900219 340.172730
0.385 0.914573 156.409101
0.385 0.942387 459.173985
0.385 0.946406 1280.616491
0.385 0.971643 125.367944
0.39 0.258427 -116887.855990
0.39 0.267543 151.510135
0.39 0.389174 4643.841301
0.39 0.418383 438.106869
0.39 0.610955 560.990858
0.39 0.619943 286.556439
0.39 0.628544 1296.064486
0.39 0.634901 1744.873157
0.39 0.662027 1870.976865
0.39 0.682885 704.403338
0.39 0.683566 73.547672
0.39 0.699492 617.064160
0.39 0.736555 214.864511
0.39 0.792844 390.973075
0.39 0.801445 687.253323
0.39 0.897846 337.334046
0.39 0.917134 152.239657
0.39 0.944339 449.137155
0.39 0.973600 125.319402
0.395 0.261529 -74316.358872
0.395 0.269149 97.669388
0.395 0.386342 4265.451659
0.395 0.415017 461.650194
0.395 0.611903 540.599940
0.395 0.620604 298.641795
0.395 0.629350 1334.691926
0.395 0.635603 1743.093173
0.395 0.681720 691.235794
0.395 0.683409 74.851006
0.395 0.698455 620.119644
0.395 0.735739 199.721711
0.395 0.795103 549.583946
0.395 0.800115 429.049703
0.395 0.895479 335.368053
0.395 0.919933 153.648202
0.395 0.946294 442.105789
0.395 0.951791 699.909742
0.395 0.975739 126.314732
0.4 0.264627 -77090.057717
0.4 0.275567 139.425773
0.4 0.383505 3924.754175
0.4 0.411533 420.341530
0.4 0.612864 540.709217
0.4 0.621266 316.622207
0.4 0.630156 1378.247886
0.4 0.636297 1740.115885
0.4 0.660117 437.236643
0.4 0.680572 678.122427
0.4 0.682033 98.223436
0.4 0.697439 623.651417
0.4 0.739175 778.304950
0.4 0.739753 62.852061
0.4 0.796611 734.006890
0.4 0.797874 168.699436
0.4 0.798244 545.785687
0.4 0.893103 333.941320
0.4 0.922327 153.436144
0.4 0.948243 433.750267
0.4 0.955382 1283.637019
0.4 0.977434 129.774213
0.405 0.267716 -86201.278176
0.405 0.277866 84.723450
0.405 0.380663 3622.111890
0.405 0.408119 414.849775
0.405 0.613817 526.236386
0.405 0.621899 334.179152
0.405 0.630960 1426.996391
0.405 0.636982 1735.781280
0.405 0.679441 665.169298
0.405 0.681235 81.158810
0.405 0.696445 627.423188
0.405 0.738917 827.125644
0.405 0.738936 106.533298
0.405 0.796064 588.890879
0.405 0.798637 402.222995
0.405 0.799824 249.199544
0.405 0.890728 333.177110
0.405 0.924711 162.849961
0.405 0.950193 428.195206
0.405 0.979276 146.003349
0.41 0.270798 -102115.601942
0.41 0.280533 83.781952
0.41 0.377814 3352.771661
0.41 0.404781 479.803312
0.41 0.614788 536.252577
0.41 0.622535 362.818383
0.41 0.631762 1482.872013
0.41 0.637656 1730.623085
0.41 0.678329 652.775223
0.41 0.695477 631.580092
0.41 0.741064 679.878770
0.41 0.746908 59.003878
0.41 0.794291 437.168386
0.41 0.798644 438.397043
0.41 0.802011 283.578617
0.41 0.888347 330.482890
0.41 0.927309 149.176186
0.41 0.952148 419.477731
0.41 0.981261 140.884788
0.415 0.273876 485739.970599
0.415 0.374960 3102.605367
0.415 0.401306 403.446407
0.415 0.615769 505.174863
0.415 0.623151 379.640725
0.415 0.632560 1546.664010
0.415 0.638318 1724.036954
0.415 0.656872 240.819672
0.415 0.677238 639.194043
0.415 0.678944 78.987837
0.415 0.694536 635.850108
0.415 0.742296 652.576974
0.415 0.751298 126.823307
0.415 0.792658 312.976130
0.415 0.800688 92.784905
0.415 0.804506 280.008932
0.415 0.885977 328.388547
0.415 0.929916 156.651875
0.415 0.954107 414.514243
0.415 0.983456 156.308429
0.42 0.276943 -275228.444937
0.42 0.288142 176.422471
0.42 0.372099 2879.490702
0.42 0.397875 389.103119
0.42 0.616761 500.550867
0.42 0.623763 405.635194
0.42 0.633352 1620.601902
0.42 0.638964 1716.975391
0.42 0.676170 626.253274
0.42 0.678446 80.874029
0.42 0.693625 640.393305
0.42 0.743100 65.544002
0.42 0.745368 286.704922
0.42 0.791345 90.419467
0.42 0.791903 471.079571
0.42 0.796681 177.890279
0.42 0.806898 279.721597
0.42 0.883601 325.846166
0.42 0.932494 145.213628
0.42 0.956065 406.560314
0.42 0.985431 139.407271
0.425 0.280004 -323534.244384
0.425 0.291577 183.166811
0.425 0.369233 2677.544712
0.425 0.394490 411.784225
0.425 0.617730 483.468272
0.425 0.624346 438.906082
0.425 0.634135 1706.888789
0.425 0.639594 1709.022750
0.425 0.655446 357.290060
0.425 0.675128 613.224188
0.425 0.677197 65.067526
0.425 0.692745 644.912267
0.425 0.745132 481.520830
0.425 0.788099 86.344733
0.425 0.790590 517.397792
0.425 0.809319 279.557365
0.425 0.881226 323.083857
0.425 0.935208 151.844135
0.425 0.958028 401.164031
0.425 0.987520 156.799410
0.43 0.283056 -145689.061386
0.43 0.294498 94.983334
0.43 0.366362 2491.462205
0.43 0.391001 368.836918
0.43 0.618709 472.118720
0.43 0.624910 478.970531
0.43 0.634906 1808.757651
0.43 0.640204 1700.759115
0.43 0.674112 600.114319
0.43 0.676613 68.177763
0.43 0.691901 649.502332
0.43 0.746075 271.662945
0.43 0.786665 154.670147
0.43 0.787828 -2421.246280
0.43 0.811722 280.476428
0.43 0.878844 321.706427
0.43 0.937648 144.915475
0.43 0.959990 391.934369
0.43 0.981032 149.443480
0.43 0.989032 131.722239
0.435 0.286102 -10421116.198541
0.435 0.298295 194.217137
0.435 0.363485 2322.007446
0.435 0.389788 217.886675
0.435 0.619716 455.839040
0.435 0.625465 519.785101
0.435 0.635664 1931.117808
0.435 0.640793 1692.113054
0.435 0.652859 513.693950
0.435 0.673128 587.096439
0.435 0.676104 70.758052
0.435 0.691094 654.166196
0.435 0.745844 193.999799
0.435 0.786786 633.091351
0.435 0.788023 59.600506
0.435 0.814126 281.236256
0.435 0.876469 320.757627
0.435 0.940055 138.005946
0.435 0.961953 384.931567
0.435 0.990673 141.325196
0.44 0.289139 -439893.881662
0.44 0.301869 193.058469
0.44 0.360602 2163.546787
0.44 0.384158 356.793557
0.44 0.620705 444.968335
0.44 0.625983 571.368437
0.44 0.636405 2078.880176
0.44 0.641356 1683.426581
0.44 0.651552 688.405931
0.44 0.672177 574.048371
0.44 0.675747 80.454267
0.44 0.690328 658.710480
0.44 0.742706 127.305210
0.44 0.748125 443.709875
0.44 0.779701 -243.449748
0.44 0.783615 110.184460
0.44 0.786598 693.187456
0.44 0.816535 282.081137
0.44 0.874093 317.502282
0.44 0.942683 136.933275
0.44 0.963925 378.180659
0.44 0.993072 158.558949
0.445 0.292168 -231369.969060
0.445 0.305686 114.487793
0.445 0.357714 2022.231821
0.445 0.380749 341.447641
0.445 0.621653 441.875285
0.445 0.626470 644.687113
0.445 0.637124 2260.048745
0.445 0.641891 1674.664054
0.445 0.650246 645.018331
0.445 0.671265 561.016473
0.445 0.674011 64.777131
0.445 0.689605 663.031115
0.445 0.749881 476.731078
0.445 0.782760 138.406386
0.445 0.784130 1525.257532
0.445 0.818933 283.062446
0.445 0.871716 314.768029
0.445 0.945548 150.989022
0.445 0.965909 372.972498
0.445 0.995752 208.887908
0.445 0.998701 205.322705
0.45 0.295189 -618184.439379
0.45 0.308752 208.389602
0.45 0.354820 1889.006880
0.45 0.377334 339.211564
0.45 0.622637 424.452010
0.45 0.626937 719.393741
0.45 0.637816 2487.255267
0.45 0.642395 1666.008726
0.45 0.649083 756.282264
0.45 0.670396 548.159304
0.45 0.673568 69.552513
0.45 0.688930 667.300776
0.45 0.751236 503.071213
0.45 0.779593 227.896172
0.45 0.782939 -14346.878739
0.45 0.821334 284.189702
0.45 0.869336 312.858484
0.45 0.948043 156.290924
0.45 0.967892 365.120399
0.45 0.997048 180.379437
0.455 0.298200 -682704.848809
0.455 0.312172 213.796681
0.455 0.351922 1768.664566
0.455 0.373914 333.879364
0.455 0.623584 422.135499
0.455 0.627368 828.573352
0.455 0.638476 2776.728480
0.455 0.642865 1657.800907
0.455 0.647881 842.632977
0.455 0.669575 536.315240
0.455 0.688304 671.356034
0.455 0.752440 540.114083
0.455 0.779073 226.118545
0.455 0.823729 285.623277
0.455 0.866962 311.317330
0.455 0.950541 150.416090
0.455 0.969877 356.339851
0.455 0.995161 263.823857
0.455 0.997463 161.069063
0.46 0.301200 -244591.687531
0.46 0.315348 117.262902
0.46 0.349019 1657.849654
0.46 0.624540 392.782099
0.46 0.627761 940.753848
0.46 0.639099 3153.956102
0.46 0.643298 1649.759166
0.46 0.646829 912.162138
0.46 0.668809 523.381771
0.46 0.672128 60.781532
0.46 0.687733 675.056925
0.46 0.753611 733.088274
0.46 0.778009 120.449173
0.46 0.826120 287.736477
0.46 0.864590 309.037014
0.46 0.952865 150.662120
0.46 0.971859 349.360003
0.46 0.991364 201.027206
0.465 0.304188 -694399.435114
0.465 0.319054 219.468434
0.465 0.346113 1564.515402
0.465 0.367056 315.815398
0.465 0.625465 388.072366
0.465 0.628121 1086.503014
0.465 0.639676 3658.698114
0.465 0.643690 1642.663767
0.465 0.645773 1085.742182
0.465 0.668104 511.799550
0.465 0.671815 72.077953
0.465 0.687218 678.532409
0.465 0.753349 430.877623
0.465 0.776161 92.776629
0.465 0.828508 289.566013
0.465 0.862216 306.416751
0.465 0.955806 150.766703
0.465 0.973884 337.254668
0.465 0.989348 168.244075
0.47 0.307161 -339349.998211
0.47 0.322388 132.650234
0.47 0.343204 1489.666187
0.47 0.364298 142.034941
0.47 0.626344 368.602620
0.47 0.628440 1253.193357
0.47 0.640199 4352.943108
0.47 0.644037 1636.623416
0.47 0.644761 1174.422875
0.47 0.667469 500.770315
0.47 0.670770 68.485133
0.47 0.686764 681.605000
0.47 0.756277 1021.586940
0.47 0.774400 103.300103
0.47 0.830891 291.697206
0.47 0.859845 304.067528
0.47 0.958094 151.451517
0.47 0.975902 324.731364
0.47 0.986871 206.788315
0.47 0.999552 242.960070
0.475 0.310115 -317942.793588
0.475 0.326241 119.283402
0.475 0.340295 1447.896860
0.475 0.360179 307.821074
0.475 0.627129 365.852510
0.475 0.628726 1566.976558
0.475 0.640659 5393.548016
0.475 0.644335 1599.623510
0.475 0.666911 491.350379
0.475 0.686373 684.264790
0.475 0.757600 2032.364332
0.475 0.773608 958.216971
0.475 0.833265 294.880607
0.475 0.857485 301.021107
0.475 0.960406 162.191708
0.475 0.977994 318.217957
0.475 0.984408 174.170382
0.475 0.997736 269.448062
0.48 0.313039 -368473.301573
0.48 0.329985 134.643501
0.48 0.337390 1491.079739
0.48 0.356753 326.907122
0.48 0.628936 1149.188933
0.48 0.641046 6957.505864
0.48 0.643041 1879.657106
0.48 0.644588 1624.795513
0.48 0.666439 482.290473
0.48 0.669890 81.242448
0.48 0.686049 686.507332
0.48 0.758825 1369.417129
0.48 0.768123 -256.845134
0.48 0.771167 559.112912
0.48 0.835621 298.059035
0.48 0.855143 297.728177
0.48 0.962799 139.328954
0.48 0.980531 383.143595
0.48 0.982126 96.072454
0.48 0.995728 301.546132
0.485 0.315915 -264603.689873
0.485 0.333105 225.662112
0.485 0.334510 2217.146189
0.485 0.352547 149.759653
0.485 0.628536 331.606761
0.485 0.629116 1952.860277
0.485 0.641338 10194.022583
0.485 0.642357 2400.697237
0.485 0.644785 1621.565844
0.485 0.666061 475.169223
0.485 0.670014 70.546545
0.485 0.685794 688.306190
0.485 0.760041 1718.299648
0.485 0.762749 962.581959
0.485 0.769147 76.375930
0.485 0.770675 608.285070
0.485 0.837967 303.049825
0.485 0.852803 293.265778
0.485 0.965734 168.975426
0.485 0.981539 543.030146
0.485 0.993837 281.789693
0.49 0.318686 -1607874.080242
0.49 0.331810 347039.683271
0.49 0.336218 240.279298
0.49 0.349364 214.009815
0.49 0.629239 1146.385332
0.49 0.641452 19960.148447
0.49 0.641924 3263.320224
0.49 0.644928 1618.466778
0.49 0.665785 469.832241
0.49 0.669937 65.359857
0.49 0.685611 689.558745
0.49 0.761045 1368.403200
0.49 0.764181 -1177.128625
0.49 0.770057 106.337688
0.49 0.840246 310.201782
0.49 0.850529 287.129970
0.49 0.968091 188.335085
0.49 0.977750 171.292410
0.49 0.983518 342.698117
0.49 0.991512 291.190235
0.495 0.321154 1262609.119839
0.495 0.329380 -1572665.913479
0.495 0.339497 271.770440
0.495 0.346451 265.782989
0.495 0.629309 1177.355117
0.495 0.641291 70499.774683
0.495 0.641876 5165.268710
0.495 0.645014 1616.641922
0.495 0.665617 466.517370
0.495 0.670415 64.570632
0.495 0.685500 690.304177
0.495 0.761814 2864.211315
0.495 0.764395 -834.052348
0.495 0.766233 185.359073
0.495 0.842344 324.917719
0.495 0.848435 276.193778
0.495 0.971319 180.222151
0.495 0.974069 156.124772
0.495 0.985650 298.957147
0.495 0.989452 331.669561
0.5 0.322410 -572292.461615
0.5 0.328133 -885454.817355
0.5 0.343060 262.593943
0.5 0.629329 1202.947478
0.5 0.641900 6053.132809
0.5 0.645043 1616.062219
0.5 0.665560 465.404610
0.5 0.669646 67.851143
0.5 0.685463 690.626749
0.5 0.761999 4229.964224
0.5 0.765582 911.238442
0.5 0.768224 185.366406
0.5 0.843496 348.805157
0.5 0.847266 261.154402
0.5 0.973118 201.273682
0.5 0.987203 202.392833
0.5 0.987834 687.246761
