0	 0.569058807140658 0.583937589306796 0.587471396001084 0.593166307823203 0.593410240321369 0.618295358522923 0.685577777505151 0.793562051306315 0.798538044984951 0.807544478088514 0.809596021092675

0.005	 0.569036323017638 0.574849604328341 0.58365341480007 0.587341959457189 0.593200605917093 0.593600599097868 0.618429680118842 0.683330965638413 0.688337245151977 0.788150980044507 0.793361419361593 0.797776284078459 0.807755854895411 0.809486276618525

0.01	 0.568443941812823 0.574265077838379 0.582841820630352 0.587208314746071 0.593239614621516 0.594140742151881 0.61883015752501 0.677550139005662 0.684424632826736 0.690911735784505 0.787586579560087 0.792796077655994 0.795830318127389 0.808344500221419 0.809163082739522 0.838680000875538

0.015	 0.567334418083147 0.57369417255861 0.581604990686837 0.587149309019901 0.58961620141236 0.593305157749199 0.5948444591025 0.619487088002437 0.674498372981198 0.687773650278414 0.791951632901147 0.804344105857089 0.808650223349262 0.809302087242264 0.838592189295605

0.02	 0.565785101095436 0.573280216212496 0.58006236904193 0.587111731769163 0.591513698859644 0.593450432414639 0.595587082686965 0.620384952294934 0.670938901299207 0.67622342335292 0.684591648056137 0.696445558604107 0.786552988204647 0.790892814782485 0.805518280414304 0.808002764809352 0.810448242829283 0.839442482906964

0.025	 0.564205042454138 0.573341552886293 0.578306813607677 0.587435537359988 0.592897987976124 0.596301200136339 0.621503601240773 0.664256934951737 0.785417255943106 0.789672349746365 0.80623831189619 0.80857583368186 0.811756922098727 0.840268352555576

0.03	 0.561816237922792 0.572951219936845 0.576400718244683 0.587186055352711 0.593204423835872 0.596960722951791 0.622818359673925 0.667505327676683 0.685687772772425 0.700045641816761 0.784232345928748 0.78833634193055 0.805506623055099 0.80988058493199 0.813171211454093 0.841378496468236

0.035	 0.55947207467834 0.572934277138816 0.5743828858585 0.587203148087941 0.593344945138401 0.597555568209839 0.62430484833536 0.662148326014534 0.684011817947887 0.782190230570143 0.786920925736541 0.804512952992005 0.814666631866402 0.842465838757137

0.04	 0.557083631215122 0.57228014016951 0.587277230297251 0.593462370707874 0.598087777372044 0.601343954996361 0.62593776483903 0.683889409463944 0.781827770643082 0.785451048559812 0.803365413330624 0.809525073926148 0.816208355925156 0.843671020249436

0.045	 0.554804248603044 0.570109448922211 0.587345135771889 0.59358017689174 0.598565362283185 0.603097713142897 0.627693661960745 0.653911045370189 0.658483500007106 0.685364777156865 0.688466727488367 0.716362819634952 0.777786305990775 0.783939680995882 0.802119824909625 0.817795772021617 0.845049187608214

0.05	 0.552361788291549 0.567884984317936 0.573048920298563 0.587435573110512 0.593705279476973 0.598997057969394 0.605143818242256 0.629551936345313 0.690942570067106 0.718733683286465 0.774726366839678 0.782401700956979 0.800791196138957 0.819414657504118 0.846454389853358

0.055	 0.549988771009462 0.565615706741791 0.58755905606054 0.593839510136869 0.599391672058923 0.607611477286849 0.631493771573589 0.647098282083142 0.68393933802659 0.688124501010855 0.722145470551442 0.775056323814868 0.780845786998211 0.799400955997088 0.821059727081777 0.847914430037337

0.06	 0.547439238775751 0.56330904424685 0.573299906036366 0.587661774769289 0.593984759437601 0.59975716550594 0.610844279113581 0.633502486775228 0.643630907515822 0.685862855684056 0.690541360144888 0.725687841574496 0.772500998636322 0.779271587492889 0.797971232321258 0.822726321601019 0.849459044756542

0.065	 0.0449961058786959 0.545013177362523 0.560970628203527 0.573447832440817 0.587795718521303 0.594140907593809 0.600100496981486 0.611929531147444 0.635558616996341 0.640337874716129 0.643796413777758 0.686257100666429 0.687178663084163 0.728892658517756 0.770106716814436 0.77768899200069 0.796501160899431 0.824409511328865 0.851026680744022

0.07	 0.5427044224405 0.558604913278215 0.587955073330692 0.59430831078646 0.600427454957785 0.636702191123577 0.637628068703317 0.639576077109024 0.683725934759907 0.732054995156072 0.735589188361848 0.769162865031102 0.776099135466009 0.795001583299593 0.826106201513123 0.852618941958402

0.075	 0.539758754817083 0.55621555740945 0.573802684926258 0.588105659633889 0.594487480848292 0.600742711082174 0.636019979266375 0.639859672837024 0.685062541271377 0.735402709153661 0.738829103802011 0.766237208323705 0.774503662373529 0.793479682056626 0.827815551065816 0.854252927210994

0.08	 0.0549447135093987 0.537343118013312 0.553805396526077 0.574003043300254 0.58825757749221 0.594678047770532 0.60105015431865 0.630039738648369 0.632583941351233 0.636310509485532 0.642099899442702 0.687529060353744 0.738776642346787 0.741121324432916 0.765629718968643 0.772904494635175 0.791937964760334 0.829535745682162 0.855926527403957

0.085	 0.534983986622772 0.551376872117994 0.574237889686227 0.588477333110106 0.594879888079811 0.601352905001204 0.624800821967861 0.628630129240851 0.644357765063211 0.688517884672294 0.742018140530019 0.763211222320764 0.771303470239905 0.790379034875149 0.831265388382247 0.857620301027907

0.09	 0.0616677225550588 0.532208422798769 0.548931880805683 0.57444156178403 0.58860453405445 0.595093903501375 0.601653128943476 0.62317914190038 0.626014668589092 0.646635336458573 0.687151584769102 0.745412223568573 0.74728922986276 0.761370144066149 0.769701617798754 0.788806200020177 0.828035201399791 0.833002681338953 0.859328953550075

0.095	 0.065064997719815 0.529679747714381 0.546472148216733 0.574683126927046 0.588773739906529 0.595318840427755 0.60195274091135 0.619950064995546 0.62098188833808 0.648926537872114 0.687558099316074 0.690455596591953 0.748729665266114 0.750876146021774 0.758536722399393 0.768098058358811 0.787224782770716 0.830238783330065 0.834747617121934 0.861057544802919

0.1	 0.543998998238053 0.588954920636538 0.595554960990673 0.602252775890672 0.616405110607694 0.618057817399857 0.651230964366287 0.687748842549626 0.751953628151338 0.754838548256324 0.766496719993266 0.785635510435536 0.832491111741547 0.836499294635089 0.86278910671142

0.105	 0.0718644455195316 0.524585514714152 0.541513658310907 0.575196426410078 0.589118870073612 0.595802008902202 0.602553454902116 0.613007043002842 0.614656657022617 0.65354605492784 0.688278109953828 0.691249758345528 0.755316783479328 0.757888221782803 0.76488762892719 0.784039768163219 0.83411751310705 0.838257639705978 0.864554974148066

0.11	 0.0752904432695047 0.522235000966978 0.539017037990938 0.575452694880089 0.589275671216931 0.596059337243728 0.602853430815665 0.609588452824202 0.611386737787029 0.655870096228205 0.690657161562943 0.758581826928638 0.761101392002723 0.763266844366052 0.782446634828533 0.840020107266894 0.866292048205631

0.115	 0.536510057013155 0.575745310510225 0.589485483680754 0.596325458537827 0.603146004837519 0.607773575294544 0.658201268016944 0.690749931696367 0.761741742537117 0.761890294916482 0.780843957592765 0.838090451183023 0.841791248413293 0.868100514894333

0.12	 0.517062738375507 0.533993402465655 0.576037195130318 0.589594655994552 0.596598647659981 0.602741899793568 0.603433792535926 0.605357113425442 0.660538218433261 0.692023950327278 0.750754857313109 0.760243160324629 0.764906830808747 0.774245009912065 0.779212814550072 0.839822799145594 0.843564858261083 0.869888551962746

0.125	 0.0855050174210347 0.51443748530579 0.531467696689286 0.576364369824426 0.589794000804846 0.596869465254262 0.60264935098536 0.603782374755836 0.662879393459891 0.689844180791545 0.694000507251341 0.758608119564392 0.768276976618761 0.772062665945276 0.777613327907332 0.84534196890738 0.871676911519645

0.13	 0.088893792582229 0.511754095777012 0.528933490955709 0.576692220897519 0.589843850307698 0.596691417429824 0.597107028141825 0.60415123173566 0.665223716643162 0.690378928464866 0.691972332622951 0.757006542755165 0.771956637108012 0.776120589930796 0.847124594688607 0.87349487993325

0.135	 0.0922973031825843 0.509159735666384 0.526391233738672 0.577044947087627 0.58979419541533 0.59744721885777 0.604543039817032 0.667569841551763 0.69075672699989 0.6942112667963 0.75541019235971 0.77422445606523 0.775478062168119 0.775616292183713 0.845977738354444 0.848912580313163 0.875272563502053

0.14	 0.0956901383775304 0.523841340455732 0.577376528394205 0.588974240676237 0.597821781450405 0.604937628399513 0.669916549415427 0.691223558241209 0.75382527441471 0.772717473050344 0.777426530423284 0.778918106876511 0.850697899696914 0.877034461149422

0.145	 0.0990828562620475 0.504048958576937 0.521284158968655 0.577744158724588 0.588859558985784 0.598186609232746 0.605338106971954 0.672262659211563 0.691829246521739 0.694422627990396 0.742018741828395 0.752244566355605 0.771155937899358 0.780533417087863 0.782199268326954 0.849887580154236 0.852495059949508 0.878674586454993 0.896375691082669

0.15	 0.102481679714992 0.501474798575699 0.518719996417516 0.578108456608065 0.582451402887801 0.584910232452357 0.590617044812086 0.598569902390922 0.60574908184865 0.674606907394492 0.692333000849375 0.694929167282845 0.740327988299951 0.750669077447285 0.769585519620289 0.78361846343872 0.785496650010092 0.851969973411601 0.854287657555409 0.879865364443727 0.893053987201767

0.155	 0.105863358885705 0.516149128694056 0.578405200289584 0.581019154461265 0.591055809828912 0.598959610070227 0.606167623352169 0.67694794384279 0.692798128673403 0.69609251291111 0.749098813801782 0.768012285041072 0.786666116684164 0.790367865175 0.854486989512463 0.856080175866307 0.880620898088989 0.893403977353639

0.16	 0.109259775449375 0.49621712117042 0.513571784364919 0.576194318302077 0.578726104457613 0.592147054891413 0.599359970756349 0.60659405882658 0.679284120571861 0.693343388167935 0.696712063627326 0.735320233572701 0.747532259070071 0.766443293883159 0.78972186919798 0.792033059582342 0.856039668696789 0.85786845865781 0.88063319724763 0.884894000300022 0.889661957204695

0.165	 0.112627397190639 0.49371532787737 0.510988163619283 0.572731621173848 0.579335748733329 0.59280224476655 0.599771791630967 0.607029611415607 0.681613629791217 0.693542852434683 0.733122919379611 0.745970904808038 0.764877997634974 0.792784166301894 0.797333347409801 0.857406704434281 0.859645892354933 0.885213343011972 0.887697405413227

0.17	 0.116026591551448 0.491126581880838 0.508398455568697 0.568712713748911 0.571473389238205 0.579706487965057 0.593172230533248 0.600193196743382 0.607474138345806 0.683933926423251 0.694475264036499 0.696501330202767 0.744414499998257 0.763321099407051 0.795711336530206 0.798719432182241 0.803408733301862 0.860022513715071 0.86138722455005 0.870687491148965 0.884677828610469 0.888765204255281

0.175	 0.119405651231598 0.488390146911199 0.505802818187108 0.567202737206027 0.580106118871082 0.593521207501981 0.600625345977206 0.607927569630148 0.686242015721521 0.695107092975657 0.696752171093347 0.742862355943205 0.761767901347346 0.798725759342883 0.801778953219408 0.861489578701713 0.863032839167562 0.869520440728696 0.883099691348979 0.888010554179468 0.888691369136308 0.890233850596294 0.999485284315623

0.18	 0.122779536833434 0.50320139536063 0.560479867346718 0.563198491348037 0.582655351749196 0.594217116608357 0.601067990405064 0.608390069277762 0.688533260486793 0.697318369878057 0.741312174772454 0.760224551054172 0.801683710994212 0.804764597050686 0.863171405063706 0.864424189566428 0.868300353726965 0.881844951976089 0.885112211042513 0.891320855753031 0.997103298275613

0.185	 0.126118891253213 0.483390843921642 0.50059425176539 0.558452875802233 0.562094348748183 0.581094943449883 0.594806851878337 0.601521553630166 0.608861757366758 0.690800505015951 0.696464737037247 0.698216443244339 0.739771941895568 0.758687643703916 0.80465502789913 0.810799422947486 0.864051270469574 0.866147824178812 0.867387952431634 0.880011668046553 0.885321226691745 0.888528183804864 0.893580249016533 0.994703017332217

0.19	 0.129521255670731 0.480606898243179 0.497981554966178 0.555011392128767 0.581610644853172 0.595468455893814 0.601985809781225 0.609342709169091 0.693031099224272 0.6972063204404 0.70009310591365 0.723378092034725 0.738234395873901 0.757161199271389 0.80761142749383 0.811690419125503 0.863989937051773 0.866276557234643 0.868767632526852 0.879353832297501 0.88628202086557 0.895364079616802 0.992325438260338

0.195	 0.132837980133172 0.478346123448723 0.495363379630848 0.551643934136765 0.554276723473219 0.582154065408609 0.59603264937508 0.602460866619885 0.609832954163923 0.695197442409684 0.697998369618163 0.700705097524213 0.736701697042621 0.755652148452361 0.81052101249794 0.817109299653845 0.862491141784669 0.866365547285634 0.870726505528827 0.880746353450037 0.897326258288203 0.989971520449401

0.2	 0.135596432230263 0.136241789334111 0.4755506644385 0.492739817406762 0.548914465634809 0.582683363548382 0.596727604813792 0.602946755147598 0.610332512621645 0.697217358481978 0.698955195424373 0.700267554277621 0.735173733224867 0.754153270691761 0.813462246945926 0.818086398152597 0.860674532132834 0.865935111316956 0.872568295745099 0.878134340438117 0.899200583021115 0.987647158342733

0.205	 0.139530485833075 0.490110868478393 0.545639761863604 0.583227032448209 0.597133210456908 0.60344330602439 0.61084137252052 0.698812314196933 0.700116709781579 0.701541795825126 0.702946777638816 0.733652607209944 0.752678516134992 0.816303363182438 0.824053106739352 0.85891584734995 0.864932983523629 0.874396783714393 0.901154463695183 0.985281859311199

0.21	 0.142861192917633 0.469708926673484 0.487476630938777 0.541530265622622 0.542843679568956 0.58379283374695 0.597798914352471 0.603950546341724 0.611359535096036 0.699832469634366 0.701707241452477 0.703712192904655 0.707608668668026 0.732136085971238 0.751222483587592 0.819229166897259 0.857160283501329 0.863575072992551 0.87617175119012 0.903058781701596 0.982914947706536

0.215	 0.146181585357704 0.467597255128186 0.484837195725068 0.538537617865765 0.584362307242972 0.598341223179801 0.604468557350231 0.611886981690169 0.700634949034311 0.70320200964379 0.705017864630195 0.709379566313926 0.730623556606715 0.749787744958887 0.822071268018467 0.855574144125159 0.861978323832823 0.876966870811533 0.878009154877985 0.905007609884624 0.980562869387487

0.22	 0.14948313598401 0.482192520795865 0.534776148178152 0.535289341691665 0.584928282361174 0.598871186581374 0.60499718681875 0.612423615143769 0.688950379946853 0.701389537138494 0.704072542337792 0.70698454802598 0.710174218271144 0.729115445534813 0.748385148355937 0.824949191606951 0.853534535005083 0.860358223892839 0.87082881125074 0.879831362912783 0.906902041516171 0.978223277696286

0.225	 0.15276696619152 0.463070036828666 0.479542690983156 0.531313443954833 0.532251907849759 0.585512372389002 0.599402532586995 0.605536540631635 0.612969451897836 0.690933078045388 0.70213935091168 0.704858601816025 0.709073102228619 0.710872872267444 0.727614616179377 0.747018749905579 0.827754532436855 0.851596836292437 0.858688125663314 0.881681767364601 0.908830120813476 0.975891715811195

0.23	 0.156077929522451 0.156426850213329 0.476887753465418 0.527666939403982 0.586131404669524 0.600041853162357 0.606086518195471 0.613524437367023 0.702893574334627 0.705602762861361 0.711292082142624 0.711302685062624 0.726122702484914 0.745702696514815 0.830548376425935 0.850270272936113 0.8567293027533 0.883530032357837 0.910755181445838 0.973534145626357

0.235	 0.15926363066599 0.160044921788433 0.456360429144311 0.474227647128289 0.529002542397137 0.586714361974524 0.600492061477752 0.606647048849111 0.61408843463959 0.69462320646354 0.70365809337866 0.706392680731128 0.711699327816644 0.713645655218595 0.724637710708728 0.744452231716793 0.833327524903541 0.838476845517312 0.845643150158936 0.847688985879419 0.885382220635235 0.912682018601674 0.971169907467242

0.24	 0.162484004829388 0.163662113532094 0.453844776194525 0.471562478653647 0.520093758441787 0.587354562903482 0.601111791962407 0.607217898640544 0.614661394091017 0.696573555109635 0.704412304821227 0.707129215277191 0.71218063380459 0.715772757844036 0.723149117373743 0.743290241113022 0.835961597074611 0.841279767811742 0.846090016662369 0.853433759581467 0.86152586438538 0.887237905154202 0.914629168062409 0.968821829611858

0.245	 0.165723517426471 0.167261881854247 0.468892155013457 0.515950230297158 0.518020276757823 0.587994486538547 0.601645663196652 0.607799495127587 0.615243205573491 0.697655004839863 0.70493149302785 0.713185192631569 0.717701312398769 0.721640391929496 0.742278915940163 0.838485206486128 0.848029289611074 0.858696933940952 0.889093813263493 0.916518805721113 0.966475773477458

0.25	 0.168969955628692 0.170735552888601 0.448368629805094 0.466216742448112 0.514082169401275 0.58859301930212 0.60211986950707 0.608390989561765 0.615833716463801 0.705327844629355 0.70596900628576 0.70846272447925 0.712548782565446 0.719510021908925 0.720132788311401 0.741378722784893 0.839953218989069 0.844743764156635 0.848676842687046 0.854383961970388 0.890953824570411 0.918496778212181 0.964125390351951

0.255	 0.172221060909471 0.17424838691779 0.463536327165945 0.514761575350561 0.589304234537285 0.602857954708631 0.608992848088499 0.616432927257723 0.704260995522268 0.706682710484374 0.709099846724841 0.713877306284821 0.718740897166316 0.721148027302476 0.740728352809562 0.839829520626541 0.845443417639652 0.892815579605527 0.920415719833649 0.961780486192458

0.26	 0.175474384886337 0.177786771336867 0.46085074873063 0.589933171242802 0.60325664471538 0.609605104622358 0.617040501674135 0.705358163120413 0.707370727796578 0.709312467832643 0.717215838702696 0.722395693289099 0.74042292633966 0.848506017341047 0.894680495719162 0.922348190119158 0.959429024429578

0.265	 0.178728061507624 0.181205295905146 0.458159989768164 0.51003030781917 0.590569461404452 0.603788540157079 0.610227162943979 0.617656470274799 0.708183204077712 0.710637401574035 0.715518890028961 0.716341034385065 0.723261073270921 0.740475172135152 0.850194079370553 0.896546086985269 0.924316212210507 0.957062951167044

0.27	 0.181980392099511 0.184750904796704 0.455464190148375 0.500440498913403 0.591259700862206 0.604372190371996 0.610859138241365 0.61828057168535 0.697802494004844 0.708122874952457 0.709067216958957 0.711369718709702 0.714346373681551 0.723667450577346 0.728807228232534 0.740999164922115 0.849807421450832 0.852915732787986 0.898417257230448 0.90260191000813 0.926306026803128 0.954696202645983

0.275	 0.185228847306034 0.188121898368792 0.437469171311321 0.452763253203284 0.49696996150329 0.591975331155003 0.604986745053237 0.611501059859012 0.618912670452671 0.709370666852495 0.709858400551525 0.711719478834861 0.713832990806068 0.718502628225701 0.723655331307189 0.741971404063614 0.844673450774121 0.855889400455469 0.872082020628167 0.900288062216588 0.903472048672067 0.928260690135424 0.952350180496683

0.28	 0.188473939692432 0.191764332401121 0.450057147821328 0.592683501817791 0.606133841903361 0.612152606664386 0.619552811173111 0.709783114398831 0.711869484227153 0.716047476228194 0.723363249481559 0.743123517420318 0.85886535706049 0.902166792444627 0.9302394693091 0.94997076206647

0.285	 0.191714877099113 0.195302702706364 0.44734595838654 0.593392065657426 0.606165342945042 0.612813964910168 0.620199961034956 0.692803764344137 0.709166735578185 0.711489478407888 0.712404178991964 0.715013442980086 0.720171576754489 0.722719643662684 0.744971781264434 0.861550289344835 0.879479543062694 0.904045065855918 0.932165818408452 0.947626164272613

0.29	 0.194950885669241 0.198751962375527 0.444629548502473 0.486715439783732 0.594139798645127 0.606813891138609 0.61348474758361 0.620854752676023 0.691126939097187 0.708081484797648 0.713228411998051 0.715779912498829 0.720705392666767 0.722071229809906 0.746800941474823 0.864356758493717 0.905927290915143 0.93416248527427 0.945275734504334

0.295	 0.198182335035836 0.202191729737407 0.441907954227973 0.48952595374049 0.594888978655057 0.607464855193165 0.614164675528772 0.621516636025361 0.689368208293998 0.702855695388137 0.706867977016358 0.714132411720496 0.716520103565045 0.72025355299444 0.722612819988764 0.748782340288559 0.8387596243361 0.867051400986776 0.882984254498448 0.907808526624363 0.9361059390804 0.9429219948022

0.3	 0.201409203756494 0.205614002202779 0.424363865562924 0.439181032406466 0.47955304658299 0.595613380904933 0.608035852357479 0.614853989421131 0.62218528037592 0.703887800503916 0.705601582653592 0.715047113963574 0.717207871400119 0.719843613367565 0.750885018206399 0.837331449227962 0.869832676250071 0.909689344523841 0.93820860438516 0.940448734063453

0.305	 0.204630237221664 0.209128706211705 0.436449067620372 0.47665682867339 0.596361665327406 0.608613903092989 0.6155522475839 0.622860483482744 0.704313737939577 0.715624185379453 0.715808817793941 0.717434824303264 0.720095394850319 0.722930110274407 0.753015137661151 0.872552121412342 0.893015644237204 0.911573288992284 0.93773217608952 0.940513189244806

0.31	 0.207845652479404 0.212555172870994 0.433711684024545 0.468788967689165 0.597108389704865 0.609161108202222 0.616259252945235 0.623541851405165 0.703013642562037 0.716049900238868 0.717821897671439 0.721027651564 0.721531804546337 0.755227686021627 0.83226535562487 0.875131870094572 0.913458434579146 0.935555238429317 0.942326752535118

0.315	 0.211054729241692 0.215956218983562 0.414695648768491 0.430969070061297 0.46964714882218 0.597833302906269 0.609691016646661 0.616974634845602 0.624229152180024 0.685159477148272 0.701710668235464 0.709018642511117 0.715583377117648 0.718363646118701 0.719863823367584 0.757472167588136 0.829087633801716 0.877453819087741 0.897708952770684 0.915346321512522 0.919830285161021 0.933273247197898 0.944000208438604

0.32	 0.214258875129098 0.219474982851159 0.428221121994362 0.466248760025473 0.598720792202991 0.610555243213536 0.617699013469226 0.62492207486257 0.69838703681511 0.700406194500946 0.714752588173989 0.718807005097009 0.719486383710375 0.72182342338453 0.759757936237498 0.831523997019404 0.880711555190497 0.900976734990801 0.91719824038425 0.91848000419162 0.930944818016675 0.946152761008044

0.325	 0.217456518777153 0.222945977028896 0.425467806091507 0.462823345663559 0.599535628501394 0.611221133837465 0.618431242063659 0.625620028453288 0.697962163524283 0.699103988864936 0.713777915453873 0.720505372002517 0.722925056187112 0.724188062006494 0.762062040936173 0.883197472898848 0.904858183602403 0.915876247918746 0.919216942078921 0.928591825986568 0.948039316019356

0.33	 0.220648201751854 0.226458573552686 0.422709234541318 0.466272372936911 0.600322057890998 0.611839596186456 0.619171418041382 0.626322645069569 0.67972169939779 0.69780506787206 0.71273335452662 0.721720689921768 0.722878205045347 0.723016821323023 0.76438586144214 0.823264662439072 0.886114546893559 0.91658842499817 0.921090124646489 0.926244342605565 0.950073744626298

0.335	 0.223832667767928 0.229830847746064 0.419944995587085 0.45602192047349 0.601171494921491 0.612534423819297 0.619919438666293 0.627029516072908 0.679244995835659 0.69418114785201 0.696512705037556 0.711649339545378 0.722695720116465 0.723871663615152 0.766718158241895 0.818440232563836 0.828419307461406 0.888766277085234 0.911591290365252 0.922929363212711 0.92403766851507 0.952084948896931

0.34	 0.227011063679676 0.233241455239494 0.417175426659647 0.452691241349233 0.602000420493069 0.613200347912486 0.620674766930809 0.627740085615843 0.678045497844156 0.693720003275518 0.695226198707454 0.7105421865368 0.723627223876409 0.724774487254378 0.72997560391136 0.769066413579179 0.813132139942981 0.822748361942373 0.891284253308062 0.915250929477253 0.921571554570889 0.924865534778833 0.954021655474031

0.345	 0.230183144357971 0.236752344358839 0.414400459705524 0.454209240931988 0.602844437197752 0.613853971727369 0.62143701059189 0.628453834362536 0.676341295547406 0.692727816824316 0.69394702311245 0.709421748540859 0.723596703778275 0.725111847202515 0.725519228145326 0.771420549688997 0.893826735060343 0.919189638218836 0.926810340550478 0.95591972792613

0.35	 0.233348225855932 0.240251857796408 0.411619846401301 0.445844375436409 0.603713305403459 0.614532486453096 0.622206151640258 0.629170155105457 0.675187831638912 0.691965981201494 0.692675922881853 0.708295098286202 0.725628636635322 0.727268578507782 0.732533186279523 0.773783552443429 0.809325739557364 0.817417224942766 0.89641740845723 0.916811839936004 0.922727212170334 0.9260497760335 0.92877277261025 0.931800209999263 0.957852587174199

0.355	 0.236506815497489 0.243821811221577 0.408833767396576 0.44240695766119 0.604584068636203 0.615212162809273 0.622981557057848 0.629888391245035 0.691413070103935 0.707167081235668 0.72618987348017 0.72836200472505 0.733972289964286 0.776153282025693 0.814984159125191 0.899299713416769 0.914457000197144 0.928627887545048 0.930622800763476 0.959918386546758

0.36	 0.239658462135265 0.247049333510232 0.406042138670261 0.605469532676355 0.615898902502036 0.62376282033405 0.630607849791121 0.672198972850638 0.690160263807608 0.706041597685195 0.727783244944745 0.730343244600829 0.778527235230681 0.814554083295772 0.901479436442926 0.911901091394606 0.912741844146374 0.932449178733797 0.933131857182778 0.961864169566586

0.365	 0.242803125892924 0.249965380770865 0.403244905080504 0.435508581718327 0.606360307479062 0.616577628906569 0.624549653324873 0.631327728255355 0.670754477431914 0.688917783585283 0.70492176399483 0.728960769009175 0.729739886854713 0.780906543328943 0.816835546602717 0.90416031856912 0.909694256246497 0.932952968464965 0.934545197219308 0.963880915524171

0.37	 0.24594014316192 0.252093626548744 0.400441972952462 0.6072648566411 0.617259155189771 0.625341342171151 0.632047196774229 0.669574060600968 0.687686115838076 0.703810318736449 0.729728402937898 0.732087496681255 0.783289649229926 0.803518239582836 0.907340677951835 0.936238972415305 0.936648241475413 0.941173560473117 0.965789208230779

0.375	 0.249072803328749 0.256776141953714 0.397633542008575 0.428659545429923 0.60817596735796 0.617938326462178 0.626137304463496 0.632765330172291 0.668191282826916 0.686466153057075 0.702709475085892 0.731073305956717 0.733837101158271 0.735644510989685 0.785676775128082 0.801909148015632 0.80780565990424 0.904958154472707 0.90936392654709 0.938478084909237 0.939746328926469 0.967667750898243

0.38	 0.252197695717659 0.260680547155351 0.394819350778082 0.609095553153016 0.618609144893154 0.626936959188887 0.63348110506816 0.666756722122456 0.685258588216442 0.701621583275543 0.732300571304515 0.735385471227131 0.788067233235411 0.805724203463711 0.902588500053107 0.911958355848655 0.940432242354069 0.944221163766927 0.969647218872553

0.385	 0.255315426253521 0.264345248999615 0.391999478512753 0.421798189437192 0.610023549460845 0.619282074006782 0.627739578733931 0.634193419928503 0.665532050919733 0.684064913884509 0.685196898382817 0.700548524796281 0.736713406906664 0.736817188652921 0.790459422063274 0.800500871749239 0.804028625331415 0.900219037281738 0.914572962740371 0.942387113788795 0.946405718730309 0.971643321125758

0.39	 0.25842702410944 0.267543488520689 0.3891738914316 0.418382742425267 0.610954812479996 0.619943170803766 0.628544259954715 0.634901043860878 0.662027266601554 0.682884897694462 0.683565836230461 0.699492428908663 0.736555201787094 0.792844388147102 0.801444796005693 0.897846291537052 0.917134483807234 0.944339311487589 0.973599540151512

0.395	 0.261528665122333 0.269149124972744 0.386342494780139 0.415017337803688 0.61190291022064 0.620604172676717 0.629350059993653 0.635602664177007 0.681720049906196 0.683408875403423 0.698455274281312 0.735738617457145 0.795102844681331 0.800114699682869 0.895479019862723 0.919933479201137 0.946293711915695 0.951791263083582 0.975739272936725

0.4	 0.264626925490887 0.275567138317813 0.383505430460299 0.411533033920137 0.612864188909708 0.62126565302954 0.630155869850537 0.63629682489284 0.660116926421624 0.680571543673043 0.682032767383427 0.697438880264091 0.739175309060779 0.739752773051588 0.796611479102299 0.79787431140546 0.798244394385565 0.893102597689947 0.92232674262436 0.948242866122238 0.955381579440673 0.97743361592824

0.405	 0.267716215879747 0.277865791418576 0.380662548679188 0.408119176802132 0.61381737677937 0.621899002196288 0.630960473893561 0.636981893230347 0.679440791364533 0.681235352792618 0.69644546807354 0.738917385597734 0.738936423047788 0.796064144310388 0.798636674572787 0.799824296483232 0.890728290730969 0.924711360687346 0.95019306305383 0.979276281372293

0.41	 0.270798419047815 0.28053263100975 0.377813853310462 0.404780645376477 0.614788224367659 0.622535158911155 0.631762392385121 0.637656163011194 0.678328644656255 0.695477153174123 0.741064003508675 0.746907779418084 0.794290654393676 0.798643557679176 0.80201054754347 0.888347441396649 0.927309032577631 0.952147804426373 0.981260973607953

0.415	 0.273875869383768 0.374959501368443 0.401306290949378 0.615769181965104 0.62315062521252 0.632560092480033 0.63831772109063 0.656871596006651 0.67723840566763 0.678943749358744 0.694535996792282 0.742295844602868 0.751298377673315 0.792657684757136 0.800687592307741 0.804506438270596 0.885977246418924 0.929916107788962 0.954107038577266 0.9834558884999

0.42	 0.276942892821049 0.288142469018094 0.372099332857619 0.3978752540358 0.616760789060702 0.623762945187261 0.633351534236318 0.638964483618023 0.6761704761157 0.678446443699496 0.693624619484584 0.74310042918345 0.745368110302017 0.791345024579578 0.791903289337756 0.796681227084947 0.806898441999191 0.883601117119516 0.932494030736615 0.956064913489363 0.985431286401552

0.425	 0.2800036149649 0.291576821833274 0.369233378239604 0.39449022457285 0.617729834480834 0.624346334149524 0.63413453767888 0.639594182398764 0.655446161891828 0.675127581079415 0.677196881084961 0.692745329355453 0.745131600056527 0.788098844752033 0.790589801832425 0.80931868899327 0.88122611167289 0.935207705991258 0.958028076778709 0.987519537481409

0.43	 0.283056091131217 0.294497501926681 0.366361775966197 0.391000829801365 0.618709188735599 0.624910197311529 0.634906485420779 0.640204396729423 0.674112267535374 0.67661298977962 0.691900901403918 0.746074713235019 0.786665194810522 0.787828417593472 0.811722012700069 0.878843540495458 0.937648278718934 0.959990371189941 0.981032185053796 0.989032365577392

0.435	 0.28610240328562 0.298294504706348 0.363484733890309 0.389787524041027 0.619715997459775 0.625464908999757 0.635664428830042 0.640792550832113 0.652858795299378 0.673127687881347 0.676103867246095 0.691094056876727 0.745844026416784 0.786786266323703 0.788023038447742 0.814125710118862 0.876468520859335 0.94005492940746 0.961952796722114 0.990672867556649

0.44	 0.289139489599863 0.301869345489748 0.360601728130411 0.384158212025803 0.620704608735532 0.625982779582734 0.63640480534432 0.641355755410556 0.651552314464424 0.672177186838687 0.675747091033105 0.690327872445966 0.742705995167002 0.748124765765884 0.779701053236028 0.783615135851402 0.786598342942811 0.816534864715192 0.874093268242247 0.942683299284004 0.96392528910874 0.993071969763855

0.445	 0.292168426103491 0.305685607667034 0.357713548764201 0.380749323545239 0.621653002511422 0.626469525939656 0.637123510155229 0.641891056354576 0.650246477628613 0.671264991541207 0.674010858404117 0.689605203907823 0.74988142469984 0.782759590859858 0.7841297821731 0.818933224289977 0.871716200668886 0.945547973623305 0.965908797913004 0.995752277856929 0.998700518268262

0.45	 0.29518886769742 0.308752404775491 0.354820083107352 0.37733367638418 0.622637178071703 0.626936837025679 0.637815867822393 0.642395404641116 0.64908278027691 0.670395747429125 0.673567511431455 0.688929628890554 0.751235992930751 0.779592847500492 0.782938999658137 0.821333902969382 0.869336214143317 0.948042513714874 0.967892495062506 0.997048483391834

0.455	 0.298199625245041 0.312171883024039 0.351921775015295 0.373914221211171 0.623583923682648 0.627367645730976 0.638476330195602 0.642865477497067 0.647881333704005 0.669574905907996 0.688304378035136 0.752439725460132 0.779073349070101 0.823729180262173 0.866961906267081 0.950541402762192 0.969877277789566 0.995161159448585 0.997463231549358

0.46	 0.301199675950591 0.315347730486783 0.349019181752171 0.624540446569057 0.627760816253727 0.639098684537443 0.643298044946591 0.646828873937942 0.668808726953225 0.672128334148363 0.687732568890176 0.753611106153862 0.778009113628788 0.826119974497872 0.864589645905246 0.952864987292578 0.97185856066499 0.991363964627892

0.465	 0.30418776981898 0.319054400095103 0.346112675072368 0.367055962732389 0.625464935312081 0.628121007081119 0.639675629147435 0.643689702178123 0.645773025347853 0.668104005880531 0.671815017528341 0.687218020605894 0.753348968182328 0.776161260471881 0.828508091108027 0.862216052366856 0.955805954908357 0.973884205197651 0.989348101810816

0.47	 0.307161059676606 0.322388246775641 0.343204144629268 0.364298328633402 0.62634440017678 0.628439857246747 0.640199132448014 0.644037286042499 0.64476068481749 0.667468609978954 0.670769771897606 0.686763871589516 0.756276950742547 0.774399981776301 0.83089082081226 0.859845115543037 0.958093814367245 0.975901989000526 0.986871157074324 0.999552227991552

0.475	 0.310114591546737 0.326240741231326 0.340295189214586 0.360179287820839 0.627128911747271 0.62872598538615 0.640659363530594 0.644335185251052 0.666910853351218 0.68637345136083 0.757600026403011 0.773607793643999 0.833264802474608 0.857484865688737 0.960406338843497 0.977993548449095 0.984407604337606 0.997735642264649

0.48	 0.3130393992997 0.329985011166834 0.337390009296898 0.356752886507907 0.62893566177322 0.641046225082037 0.643041317893954 0.644587671616917 0.666438500565932 0.66988968410886 0.686049231768324 0.758825296311864 0.768123123062476 0.771167204703894 0.835620947826903 0.855143099565075 0.962798697932097 0.98053101483308 0.982125911736567 0.995727766892859

0.485	 0.315915077143819 0.333105076465782 0.334509738030787 0.352547030674798 0.628536078030877 0.629115616490548 0.641337696604131 0.642356841264249 0.644784972113242 0.666060913287562 0.670013663669278 0.685794285545393 0.760040766972795 0.762749334878452 0.769147386145509 0.770675052076825 0.837966617678594 0.852803338312804 0.965733809317268 0.981539467908827 0.993836598626668

0.49	 0.318686027662546 0.331809759613583 0.336218454221328 0.349363744450715 0.629239151691215 0.641452011927983 0.641923809536933 0.644927574064866 0.665784853124789 0.669936779553066 0.68561060777796 0.761045327517652 0.764181280798102 0.77005713599002 0.840246341694257 0.850529473016734 0.968091272651387 0.977750177057457 0.983518311657274 0.991511832743373

0.495	 0.321153539122961 0.329379515963723 0.33949725740466 0.346451004198285 0.629308928369164 0.641290632170471 0.641875794060056 0.645013781176448 0.665616593009879 0.670415478114175 0.685499760560525 0.761813722294311 0.764394616247866 0.766232989088325 0.842343797258774 0.848435297788256 0.971318605589848 0.974069427031057 0.985649803103876 0.989452160462508

0.5	 0.322410481003129 0.328132511855706 0.343060090874048 0.629328897444747 0.641899623526347 0.645042663592434 0.665560063645368 0.669645665193623 0.68546266429936 0.761999348585082 0.765582317991714 0.768224235149364 0.84349553255764 0.847265733510391 0.973117559966423 0.987203136822072 0.987834108650847

