freqs:, 1, -0.2, 0.0, 0.0, 0.479419284417315, 0.540442927428539, 0.598554430440675
freqs:, 2, -0.17821782178218, 0.0, 0.0, 0.486002746242353, 0.540105964170358, 0.591607191675584
freqs:, 3, -0.156435643564358, 0.0, 0.0, 0.492553870036461, 0.539791393709698, 0.584797381838563
freqs:, 4, -0.134653465346536, 0.0, 0.0, 0.499064119318867, 0.539504918901876, 0.578109712399869
freqs:, 5, -0.112871287128714, 0.0, 0.0, 0.505529686679234, 0.539251722305284, 0.571527801814592
freqs:, 6, -0.0910891089108926, 0.0, 0.0, 0.511950781336026, 0.539036337766602, 0.565034560402459
freqs:, 7, -0.0693069306930708, 0.0, 0.0, 0.518331047921884, 0.538862610957386, 0.558612569191901
freqs:, 8, -0.0475247524752491, 0.0, 0.0, 0.524677056333104, 0.538733635871381, 0.552244479378086
freqs:, 9, -0.0257425742574273, 0.0, 0.0, 0.530997663745734, 0.538651763894722, 0.545913598483855
freqs:, 10, -0.00396039603960548, 0.0, 0.0, 0.537301295701577, 0.539599468460564
freqs:, 11, 0.0178217821782163, 0.0, 0.0, 0.533291568188932, 0.538633915437994, 0.54361783244459
freqs:, 12, 0.0396039603960381, 0.0, 0.0, 0.526977884891355, 0.538698184094675, 0.549938869619646
freqs:, 13, 0.0613861386138599, 0.0, 0.0, 0.52064222547149, 0.538810486805887, 0.556291564453589
freqs:, 14, 0.0831683168316817, 0.0, 0.0, 0.514275314547683, 0.538968164799361, 0.562691965310539
freqs:, 15, 0.104950495049503, 0.0, 0.0, 0.50786965271291, 0.539168807523062, 0.569157276748699
freqs:, 16, 0.126732673267325, 0.0, 0.0, 0.501420473532177, 0.539408747105431, 0.575704941162106
freqs:, 17, 0.148514851485147, 0.0, 0.0, 0.494926256708645, 0.539683685762327, 0.582352212085593
freqs:, 18, 0.170297029702969, 0.0, 0.0, 0.488389274654694, 0.539988673825295, 0.589115772429211
freqs:, 19, 0.192079207920791, 0.0, 0.0, 0.481816250943267, 0.540318183411176, 0.596011353592457
freqs:, 20, 0.213861386138612, 0.0, 0.0, 0.475219186806517, 0.540666210567346, 0.603053340022079
freqs:, 21, 0.235643564356434, 0.0, 0.0, 0.468616412161489, 0.54102635844412, 0.61025434412293
freqs:, 22, 0.257425742574256, 0.0, 0.0, 0.462033927867482, 0.541391960225023, 0.617624726566033
freqs:, 23, 0.279207920792078, 0.0, 0.0, 0.455507100725665, 0.541756199612435, 0.625172020318518
freqs:, 24, 0.300990099009899, 0.0, 0.0, 0.449082763066707, 0.542112226768537, 0.632900183679949
freqs:, 25, 0.322772277227721, 0.0, 0.0, 0.442821709782341, 0.542453284736453, 0.640808542487938
freqs:, 26, 0.344554455445543, 0.0, 0.0, 0.436801469798919, 0.542772885776378, 0.648890133202043
freqs:, 27, 0.366336633663365, 0.0, 0.0, 0.431118988446864, 0.543064854371251, 0.657128880953881
freqs:, 28, 0.388118811881187, 0.0, 0.0, 0.425892410983291, 0.543323547507069, 0.665494074312738
freqs:, 29, 0.409900990099008, 0.0, 0.0, 0.421260567212683, 0.543543919531552, 0.673928453669114
freqs:, 30, 0.43168316831683, 0.0, 0.0, 0.417378066860979, 0.543721647495148, 0.682318069870325
freqs:, 31, 0.453465346534652, 0.0, 0.0, 0.414403773740924, 0.543853237374924
freqs:, 32, 0.475247524752474, 0.0, 0.0, 0.412481756955546, 0.543936085358649
freqs:, 33, 0.497029702970296, 0.0, 0.0, 0.411717328673847, 0.543968542482552
freqs:, 34, 0.518811881188117, 0.0, 0.0, 0.412155346277819, 0.543949980591448
freqs:, 35, 0.540594059405939, 0.0, 0.0, 0.413769890356522, 0.543880754851365
freqs:, 36, 0.562376237623761, 0.0, 0.0, 0.416470307554929, 0.543762241025255, 0.684570571855697
freqs:, 37, 0.584158415841583, 0.0, 0.0, 0.420120651573557, 0.543596781055807, 0.676228022838776
freqs:, 38, 0.605940594059405, 0.0, 0.0, 0.424563913865719, 0.543387638220846, 0.667790870186402
freqs:, 39, 0.627722772277227, 0.0, 0.0, 0.429642859514642, 0.543138931189578, 0.659399536883573
freqs:, 40, 0.649504950495048, 0.0, 0.0, 0.435213627462493, 0.542855504298622, 0.651122444091947
freqs:, 41, 0.67128712871287, 0.0, 0.0, 0.441152237811444, 0.54254284557758, 0.642995911078658
freqs:, 42, 0.693069306930692, 0.0, 0.0, 0.447356075131404, 0.542207010871767, 0.635039299688092
freqs:, 43, 0.714851485148514, 0.0, 0.0, 0.45374256242859, 0.54185439763921, 0.627261697195443
freqs:, 44, 0.736633663366336, 0.0, 0.0, 0.460246621518881, 0.541491722020804, 0.619665295673647
freqs:, 45, 0.758415841584157, 0.0, 0.0, 0.466817874818037, 0.541125811886432, 0.612247276900785
freqs:, 46, 0.780198019801979, 0.0, 0.0, 0.473418054364075, 0.540763506888298, 0.60500099878164
freqs:, 47, 0.801980198019801, 0.0, 0.0, 0.480018789478646, 0.540411528407616, 0.597916809245903
freqs:, 48, 0.823762376237623, 0.0, 0.0, 0.486599804863265, 0.540076352538604, 0.590982659412552
freqs:, 49, 0.845544554455445, 0.0, 0.0, 0.493147488651528, 0.539764107726886, 0.584184604267243
freqs:, 50, 0.867326732673266, 0.0, 0.0, 0.499653768337004, 0.539482330507938, 0.577507239591495
freqs:, 51, 0.889108910891088, 0.0, 0.0, 0.506115228580242, 0.539230516048521, 0.570934103641414
freqs:, 52, 0.91089108910891, 0.0, 0.0, 0.512532413455282, 0.539018770881352, 0.56444806126107
freqs:, 53, 0.932673267326732, 0.0, 0.0, 0.518909253969305, 0.538850846711963, 0.558031682654882
freqs:, 54, 0.954455445544554, 0.0, 0.0, 0.525252560726454, 0.538724207383343, 0.551667647803693
freqs:, 55, 0.976237623762375, 0.0, 0.0, 0.531571333854588, 0.538646620795441, 0.545339385508447
freqs:, 56, 0.998019801980197, 0.0, 0.0, 0.537860683169643, 0.53904019774045
freqs:, 57, 1.01980198019802, 0.0, 0.0, 0.53271828741587, 0.538637752853111, 0.544191504483351
freqs:, 58, 1.04158415841584, 0.0, 0.0, 0.526402967671522, 0.538706560584341, 0.550514854771401
freqs:, 59, 1.06336633663366, 0.0, 0.0, 0.520064836694121, 0.538822880205137, 0.556871193060036
freqs:, 60, 1.08514851485148, 0.0, 0.0, 0.513694675737238, 0.538984681869216, 0.563276776835863
freqs:, 61, 1.10693069306931, 0.0, 0.0, 0.507285209587759, 0.539189054376209, 0.569748854184422
freqs:, 62, 1.12871287128713, 0.0, 0.0, 0.500831946070893, 0.539432364941808, 0.576304866640381
freqs:, 63, 1.15049504950495, 0.0, 0.0, 0.494333685856485, 0.539710249674051, 0.582962031511584
freqs:, 64, 1.17227722772277, 0.0, 0.0, 0.48779307667056, 0.540017702789328, 0.589736961009518
freqs:, 65, 1.19405940594059, 0.0, 0.0, 0.481217284757416, 0.540349144232643, 0.596645280804666
freqs:, 66, 1.21584158415842, 0.0, 0.0, 0.474618839370385, 0.540698548772431, 0.603701232401187
freqs:, 67, 1.23762376237624, 0.0, 0.0, 0.468016707479978, 0.541059471159615, 0.610917244375332
freqs:, 68, 1.25940594059406, 0.0, 0.0, 0.461437665517492, 0.541425231815957, 0.618303446006812
freqs:, 69, 1.28118811881188, 0.0, 0.0, 0.454918029597855, 0.54178900677682, 0.625867079726588
freqs:, 70, 1.3029702970297, 0.0, 0.0, 0.448505792652476, 0.542143949823171, 0.633611732455596
freqs:, 71, 1.32475247524752, 0.0, 0.0, 0.442263154124902, 0.542483321163431, 0.641536239655363
freqs:, 72, 1.34653465346535, 0.0, 0.0, 0.436269303356415, 0.542800659235749, 0.649632951890372
freqs:, 73, 1.36831683168317, 0.0, 0.0, 0.430623063564618, 0.543089876611581, 0.657884744852321
freqs:, 74, 1.39009900990099, 0.0, 0.0, 0.425444524691066, 0.543345233921838, 0.666259144418602
freqs:, 75, 1.41188118811881, 0.0, 0.0, 0.420874244865098, 0.54356189772945, 0.674695422638289
freqs:, 76, 1.43366336633663, 0.0, 0.0, 0.417067808611226, 0.54373556277075, 0.683071565968695
freqs:, 77, 1.45544554455445, 0.0, 0.0, 0.414183627730368, 0.54386281563757
freqs:, 78, 1.47722772277228, 0.0, 0.0, 0.412363268784219, 0.543941133927715
freqs:, 79, 1.4990099009901, 0.0, 0.0, 0.411707336076513, 0.543968964865018
freqs:, 80, 1.52079207920792, 0.0, 0.0, 0.412254447439986, 0.543945764422873
freqs:, 81, 1.54257425742574, 0.0, 0.0, 0.413972301869168, 0.543871988752628
freqs:, 82, 1.56435643564356, 0.0, 0.0, 0.416765183415687, 0.543749095451715, 0.683822504792227
freqs:, 83, 1.58613861386139, 0.0, 0.0, 0.42049423260566, 0.543579519011472, 0.675461988318832
freqs:, 84, 1.60792079207921, 0.0, 0.0, 0.425001669824267, 0.543366721628178, 0.66702476003045
freqs:, 85, 1.62970297029703, 0.0, 0.0, 0.430130988240078, 0.543114568370725, 0.65864163239945
freqs:, 86, 1.65148514851485, 0.0, 0.0, 0.435739995010343, 0.542828200086383, 0.650377062203596
freqs:, 87, 1.67326732673267, 0.0, 0.0, 0.441706641105781, 0.542513176381709, 0.642265365209721
freqs:, 88, 1.69504950495049, 0.0, 0.0, 0.447930212268226, 0.542175547627126, 0.634324772201671
freqs:, 89, 1.71683168316832, 0.0, 0.0, 0.454329836368211, 0.541821738869258, 0.626563638332071
freqs:, 90, 1.73861386138614, 0.0, 0.0, 0.460841886185342, 0.541458487578836, 0.618983634335955
freqs:, 91, 1.76039603960396, 0.0, 0.0, 0.467417187150417, 0.541092624083405, 0.611581553112957
freqs:, 92, 1.78217821782178, 0.0, 0.0, 0.474018456169697, 0.540730982486598, 0.604350449150977
freqs:, 93, 1.8039603960396, 0.0, 0.0, 0.480618127012234, 0.540380264558016, 0.597280429339831
freqs:, 94, 1.82574257425743, 0.0, 0.0, 0.487196584273083, 0.540046930455195, 0.590359252915088
freqs:, 95, 1.84752475247525, 0.0, 0.0, 0.493740761935452, 0.539737058367089, 0.583572824851686
freqs:, 96, 1.86930693069307, 0.0, 0.0, 0.500243044141728, 0.539456267106518, 0.576905628550217
freqs:, 97, 1.89108910891089, 0.0, 0.0, 0.506700402252706, 0.539209623525057, 0.570341125450123
freqs:, 98, 1.91287128712871, 0.0, 0.0, 0.513113710177613, 0.539001551362165, 0.563862137781066
freqs:, 99, 1.93465346534653, 0.0, 0.0, 0.519487181806105, 0.538835624764112, 0.557451228062682
freqs:, 100, 1.95643564356436, 0.0, 0.0, 0.525827862019437, 0.538715165268359, 0.55109111016434
freqs:, 101, 1.97821782178218, 0.0, 0.0, 0.532144875454091, 0.538641988766107, 0.544765355454857
freqs:, 102, 2.0, 0.0, 0.0, 0.538298520586292
