freqs:, 1, 0.5, 0.5, 0.0, 0.27559527222734, 0.486462124018796, 0.678195409195662, 0.844673788623681, 0.863139887947705, 0.874496189394264
freqs:, 2, 0.493055555555555, 0.493055555555555, 0.0, 0.275553375990367, 0.486469729164185, 0.678231503088663, 0.827523339487615, 0.844184067374366, 0.86317730905226, 0.875260576745818
freqs:, 3, 0.48611111111111, 0.48611111111111, 0.0, 0.275419604043698, 0.486486822070492, 0.678338750694197, 0.827279620704028, 0.842808792500272, 0.863305631874232, 0.877323232080165
freqs:, 4, 0.479166666666666, 0.479166666666666, 0.0, 0.275375242468441, 0.486503847605236, 0.678514072695831, 0.8269834962931, 0.840444487186188, 0.862359953938692, 0.864016767340383, 0.880266013158826
freqs:, 5, 0.472222222222222, 0.472222222222222, 0.0, 0.274932119702439, 0.485538683371548, 0.486873879252648, 0.67875239187731, 0.826539492214557, 0.837752466135395, 0.862095297171202, 0.864665401569342, 0.883772663190244
freqs:, 6, 0.465277777777777, 0.465277777777777, 0.0, 0.274555330198339, 0.485032749897586, 0.487104613746581, 0.679046619313985, 0.82598598043445, 0.834775936667486, 0.861938250021545, 0.865486882918559, 0.887651029300021
freqs:, 7, 0.458333333333333, 0.458333333333333, 0.0, 0.274090998824213, 0.484427830211221, 0.487385616369158, 0.679387819542872, 0.825340211026192, 0.831651149507442, 0.861844505858039, 0.86646066671581, 0.891787792530643
freqs:, 8, 0.451388888888888, 0.451388888888888, 0.0, 0.273536798398925, 0.48373147684382, 0.487716289418314, 0.679765253624053, 0.824615777154834, 0.828469808644958, 0.861797328031094, 0.867573266289505, 0.89611325669163
freqs:, 9, 0.444444444444444, 0.444444444444444, 0.0, 0.272890122188279, 0.482952257241389, 0.488095946750388, 0.680166506220861, 0.823822679829812, 0.825294994786498, 0.861784961616591, 0.868811914779908, 0.900582905920039
freqs:, 10, 0.437499999999999, 0.437499999999999, 0.0, 0.272150082419941, 0.482099669057627, 0.48852394274029, 0.680577637094393, 0.822460609945039, 0.861796650556842, 0.870163210841821, 0.905166746611609
freqs:, 11, 0.430555555555555, 0.430555555555555, 0.0, 0.271306645107416, 0.481183939242713, 0.488998968447323, 0.680983274344896, 0.819120084974556, 0.822092928933915, 0.861836679862264, 0.871621059954266, 0.909843263076606
freqs:, 12, 0.423611111111111, 0.423611111111111, 0.0, 0.270363059677222, 0.480215896729252, 0.489520455251704, 0.68136694781512, 0.816183622677222, 0.821173196524747, 0.861893030779169, 0.873171690755103, 0.914597117985231
freqs:, 13, 0.416666666666666, 0.416666666666666, 0.0, 0.269313449171996, 0.4792067810617, 0.490087177638734, 0.681711183097093, 0.813378367254915, 0.820227160219651, 0.861967038550118, 0.874808586134455, 0.919416100364376
freqs:, 14, 0.409722222222222, 0.409722222222222, 0.0, 0.268153993060615, 0.478168108315541, 0.490697950678107, 0.681997850111869, 0.810724138627323, 0.81926283884146, 0.862057862091239, 0.876524909772338, 0.924290486341078
freqs:, 15, 0.402777777777777, 0.402777777777777, 0.0, 0.266880546766822, 0.477111523416061, 0.491351513019141, 0.682208483623146, 0.808238203258318, 0.818286125320269, 0.862165285139044, 0.87831486966322, 0.929212261073623
freqs:, 16, 0.395833333333333, 0.395833333333333, 0.0, 0.265488841057121, 0.476048658417896, 0.492046507536288, 0.68232467230177, 0.805935697132675, 0.817302196178579, 0.862289483849078, 0.880173698481007, 0.934174307302125
freqs:, 17, 0.388888888888888, 0.388888888888888, 0.0, 0.263974809613688, 0.474991004284646, 0.49278149770816, 0.682328506872091, 0.803830807255922, 0.816315459000056, 0.862431010632317, 0.882097256679519, 0.939170561956925
freqs:, 18, 0.381944444444444, 0.381944444444444, 0.0, 0.262334711208148, 0.473949791954716, 0.493554962341791, 0.682203069806642, 0.801935676788677, 0.81532967029227, 0.862590601555112, 0.884082029841109, 0.94419486055092
freqs:, 19, 0.375, 0.375, 0.0, 0.260564854353899, 0.472935877728128, 0.494365316571273, 0.681932953232606, 0.800260291303472, 0.814347935201217, 0.86276930421108, 0.88612519764961, 0.949242156921389
freqs:, 20, 0.368055555555555, 0.368055555555555, 0.0, 0.258661671904342, 0.471959646758728, 0.495210889821193, 0.68150476283798, 0.798812221565929, 0.813372997317974, 0.862968328517597, 0.88822440622966, 0.954306621434993
freqs:, 21, 0.361111111111111, 0.361111111111111, 0.0, 0.25662204686228, 0.471030923284352, 0.496089939125262, 0.680907575229744, 0.797596270679144, 0.812407231060256, 0.863189095880188, 0.890377723999961, 0.959383413442485
freqs:, 22, 0.354166666666666, 0.354166666666666, 0.0, 0.254443042029977, 0.470158892975652, 0.497000689092247, 0.68013329977868, 0.796614221316745, 0.811452589898022, 0.863433104703181, 0.892583441674822, 0.964466549992267
freqs:, 23, 0.347222222222222, 0.347222222222222, 0.0, 0.252121950026633, 0.469352035513492, 0.497941282237981, 0.679176905716157, 0.79586464994692, 0.810510610945914, 0.863702106164203, 0.894840271908028, 0.969550695650249
freqs:, 24, 0.340277777777778, 0.340277777777778, 0.0, 0.24965713684341, 0.468618083967419, 0.498909776136435, 0.678036493912749, 0.795343082116373, 0.809582686586666, 0.863997976914937, 0.897147006560419, 0.974629860162968
freqs:, 25, 0.333333333333333, 0.333333333333333, 0.0, 0.247046693189202, 0.467963987724064, 0.499904222905121, 0.676713200874087, 0.795041928577381, 0.808670199773527, 0.864322731657226, 0.899502946706527, 0.979697488792906
freqs:, 26, 0.326388888888889, 0.326388888888889, 0.0, 0.244289871606889, 0.467395879345334, 0.500922603053367, 0.675210940522302, 0.794950620541211, 0.807774222219311, 0.864678510267301, 0.901907036338168, 0.984747157190043
freqs:, 27, 0.319444444444444, 0.319444444444444, 0.0, 0.241386201290151, 0.466919073351542, 0.501962864871721, 0.673536029893216, 0.795056335449669, 0.806895586775236, 0.865067657965649, 0.904359042453824, 0.989769934131356
freqs:, 28, 0.3125, 0.3125, 0.0, 0.238335405372164, 0.46653806282555, 0.503022934245398, 0.671696741522261, 0.795344276447767, 0.806035131826679, 0.865492614847991, 0.906858371255853, 0.994759694085665
freqs:, 29, 0.305555555555555, 0.305555555555555, 0.0, 0.235138529706056, 0.466256540029323, 0.504100653038215, 0.669702801996407, 0.79579830578519, 0.805193584846259, 0.865955797319278, 0.909404718104906, 0.999703729438691
freqs:, 30, 0.298611111111111, 0.298611111111111, 0.0, 0.231796384409861, 0.466077429946395, 0.505193910165875, 0.667564925394528, 0.7964011105269, 0.804371423995634, 0.866459953645622, 0.911997587642927
freqs:, 31, 0.291666666666667, 0.291666666666667, 0.0, 0.228310476673251, 0.466002911758587, 0.506300544820574, 0.665294375313939, 0.797135014376722, 0.803568822842379, 0.867007821926664, 0.914636719427699
freqs:, 32, 0.284722222222222, 0.284722222222222, 0.0, 0.224683439448937, 0.466034472523046, 0.507418318021105, 0.662902586021004, 0.797982530655807, 0.802785756549538, 0.867602002608495, 0.917322843346807
freqs:, 33, 0.277777777777778, 0.277777777777778, 0.0, 0.22091693233492, 0.466172947397362, 0.508545062680878, 0.660400843384069, 0.798925347564408, 0.802021594533361, 0.868245261435332, 0.920055017915137
freqs:, 34, 0.270833333333333, 0.270833333333333, 0.0, 0.217014623590467, 0.466418595366906, 0.509678530743287, 0.657800089624272, 0.799943164076026, 0.801272098043307, 0.868940207641711, 0.922833000708838
freqs:, 35, 0.263888888888889, 0.263888888888889, 0.0, 0.212979181104969, 0.466771136790311, 0.510816490620945, 0.655110746095146, 0.800567160460374, 0.801022713294327, 0.869689403430733, 0.925657575214337
freqs:, 36, 0.256944444444444, 0.256944444444444, 0.0, 0.208814624125627, 0.467229819539959, 0.511956802179162, 0.65234258682659, 0.799866343084708, 0.802166356265192, 0.870495114720245, 0.928527716074465
freqs:, 37, 0.25, 0.25, 0.0, 0.204523936275447, 0.467793470266874, 0.513097200730782, 0.6495047190694, 0.799187217732027, 0.803331324137643, 0.87135961201498, 0.931444990026097
freqs:, 38, 0.243055555555556, 0.243055555555556, 0.0, 0.200111900901386, 0.468460582533543, 0.514235453747619, 0.646605520522408, 0.798530471979087, 0.804517183003593, 0.872284618830257, 0.934407781555871
freqs:, 39, 0.236111111111111, 0.236111111111111, 0.0, 0.195582115659214, 0.469229325423769, 0.515369529201786, 0.64365269725361, 0.797895909743957, 0.805709626272115, 0.87327119284154, 0.937416999632916
freqs:, 40, 0.229166666666667, 0.229166666666667, 0.0, 0.190939048133867, 0.470097631964775, 0.516497128325901, 0.640653260916915, 0.79728252445239, 0.806899005857094, 0.874320561720604, 0.940471410986032
freqs:, 41, 0.222222222222222, 0.222222222222222, 0.0, 0.186187150177005, 0.471063207549618, 0.517616132538936, 0.637613559569312, 0.796690760348284, 0.808075297609222, 0.875432992113703, 0.943572740220548
freqs:, 42, 0.215277777777778, 0.215277777777778, 0.0, 0.181330459862462, 0.472123634795722, 0.51872435428085, 0.634539400952325, 0.796120294297318, 0.809230083393228, 0.876608237845952, 0.946720502156676
freqs:, 43, 0.208333333333333, 0.208333333333333, 0.0, 0.176373432184442, 0.473276353030896, 0.519819858466293, 0.631435991904807, 0.795570982523717, 0.810355708534366, 0.877844883404912, 0.949912951492009
freqs:, 44, 0.201388888888889, 0.201388888888889, 0.0, 0.171320667867213, 0.474518715015433, 0.520900562843794, 0.628308060036996, 0.795042635993135, 0.811445935772744, 0.879141337880136, 0.95315246957764
freqs:, 45, 0.194444444444444, 0.194444444444444, 0.0, 0.16617618757931, 0.475848016893732, 0.521964481207091, 0.6251598838771, 0.794535568919817, 0.812495784936958, 0.880495039588155, 0.956436628272493
freqs:, 46, 0.1875, 0.1875, 0.0, 0.160944217269206, 0.477261530087041, 0.523009665612102, 0.621995324574014, 0.794049359218808, 0.813501017433909, 0.881902550189214, 0.959765785841297
freqs:, 47, 0.180555555555556, 0.180555555555556, 0.0, 0.155629297721748, 0.478756516978785, 0.524034303862285, 0.6188178761603, 0.793582892856957, 0.814458263884819, 0.883359797696453, 0.963140451135084
freqs:, 48, 0.173611111111111, 0.173611111111111, 0.0, 0.150237044721798, 0.480330251264066, 0.525036236247661, 0.615630719455224, 0.793137842264276, 0.815367301630859, 0.884862228310686, 0.966559461955644
freqs:, 49, 0.166666666666667, 0.166666666666667, 0.0, 0.144767801370481, 0.48198004307696, 0.526013909544905, 0.61243673239328, 0.792713002721091, 0.816225028120772, 0.886404301836574, 0.970020869512711
freqs:, 50, 0.159722222222222, 0.159722222222222, 0.0, 0.139228228915453, 0.483703205315327, 0.526965326423558, 0.609238533091874, 0.792308089277943, 0.817032811847009, 0.887979702326056, 0.973528340154035
freqs:, 51, 0.152777777777778, 0.152777777777778, 0.0, 0.133622469038661, 0.485497146935588, 0.527889245989062, 0.606038526720931, 0.791923257079228, 0.817787771307912, 0.889582131194621, 0.977076056086786
freqs:, 52, 0.145833333333333, 0.145833333333333, 0.0, 0.127951997196527, 0.487359304032312, 0.528783389298313, 0.602838898645554, 0.791557953740688, 0.818496864743084, 0.891203011221253, 0.980675249795271
freqs:, 53, 0.138888888888889, 0.138888888888889, 0.0, 0.122223544184074, 0.489287205951554, 0.52964684739076, 0.599641732527893, 0.791210974601239, 0.819151970177698, 0.892837011934438, 0.984296870487098
freqs:, 54, 0.131944444444444, 0.131944444444444, 0.0, 0.116438032880486, 0.491278419581807, 0.530477925844106, 0.596448826045804, 0.790883370771738, 0.819760584238439, 0.894474154399673, 0.987967560431396
freqs:, 55, 0.125, 0.125, 0.0, 0.110600720994712, 0.493330601504238, 0.531274884873423, 0.593261935451874, 0.790575128283407, 0.820324310392705, 0.896106469437328, 0.991675700291441
freqs:, 56, 0.118055555555556, 0.118055555555556, 0.0, 0.10471433868354, 0.495441482427207, 0.532036721083821, 0.590082687254144, 0.790285067533555, 0.820841939458903, 0.897725061563821, 0.995418754752107
freqs:, 57, 0.111111111111111, 0.111111111111111, 0.0, 0.0987799567107328, 0.497608849554713, 0.532761918065217, 0.586912593769317, 0.790014054695146, 0.821314041107537, 0.899320753394343, 0.999202660182829
freqs:, 58, 0.104166666666667, 0.104166666666667, 0.0, 0.0928056154891341, 0.499830639947512, 0.533449174542774, 0.583753067508221, 0.789759092471194, 0.821753800566449, 0.900886178987971
freqs:, 59, 0.0972222222222222, 0.0972222222222222, 0.0, 0.0867896534777978, 0.502104726111415, 0.534097647034243, 0.580605484885278, 0.789523308008276, 0.822151596209169, 0.902409281012653
freqs:, 60, 0.0902777777777778, 0.0902777777777778, 0.0, 0.0807416313638495, 0.50442915400968, 0.534705921020978, 0.577471139710875, 0.789304177581322, 0.822515434251786, 0.903881616146611
freqs:, 61, 0.0833333333333334, 0.0833333333333334, 0.0, 0.0746505729692209, 0.506802106801464, 0.53527386861674, 0.574351262397532, 0.7891032235994, 0.822845163823932, 0.905295002287983
freqs:, 62, 0.0763888888888889, 0.0763888888888889, 0.0, 0.0685353807521856, 0.509221621286778, 0.535799297629334, 0.571247009956244, 0.788921024159381, 0.823141124409746, 0.90663972710848
freqs:, 63, 0.0694444444444445, 0.0694444444444445, 0.0, 0.0624018922942716, 0.511686024406215, 0.536281491679526, 0.568159616368434, 0.78875399496859, 0.823399208986884, 0.907904394926677
freqs:, 64, 0.0625, 0.0625, 0.0, 0.0562308243159559, 0.51419359938132, 0.536720513422541, 0.565090165200598, 0.788603425140106, 0.823615090730915, 0.909082315465788
freqs:, 65, 0.0555555555555556, 0.0555555555555556, 0.0, 0.0500341289642922, 0.516742650473005, 0.537115283147585, 0.562039836757928, 0.788469305533198, 0.823808518588434, 0.910163212984753
freqs:, 66, 0.0486111111111111, 0.0486111111111111, 0.0, 0.0438255592732449, 0.51933169256755, 0.537465389636406, 0.559009617341186, 0.788349620252833, 0.82401074058246, 0.911140221437657
freqs:, 67, 0.0416666666666667, 0.0416666666666667, 0.0, 0.0376205207972657, 0.521959180799976, 0.537769071916368, 0.556000730073798, 0.788248106651914, 0.824165594291783, 0.912005897190043
freqs:, 68, 0.0347222222222222, 0.0347222222222222, 0.0, 0.0313122521409087, 0.524623519124355, 0.538027542571231, 0.553014218449556, 0.788164321210321, 0.824281781528092, 0.912749095965204
freqs:, 69, 0.0277777777777778, 0.0277777777777778, 0.0, 0.0250972343997693, 0.527323367702568, 0.538239588751206, 0.550051250726699, 0.788098197651707, 0.824386000676911, 0.913367712437389
freqs:, 70, 0.0208333333333333, 0.0208333333333333, 0.0, 0.0189217061483611, 0.530057377876598, 0.538404505540527, 0.547112922883825, 0.788041984339901, 0.82449388434679, 0.913854815264967
freqs:, 71, 0.0138888888888889, 0.0138888888888889, 0.0, 0.532823640062398, 0.538527708274496, 0.544200548152628, 0.788003114450668, 0.824586751121749, 0.914203567803408
freqs:, 72, 0.00694444444444444, 0.00694444444444444, 0.0, 0.535605683957528, 0.541326566223313, 0.787975458037036, 0.824465846875511, 0.914417410981316
freqs:, 73, 0.0, 0.0, 0.0, 0.538293452265418, 0.538735525312817, 0.787966571566158, 0.824592151249259, 0.914486746895763
