freqs-im:, 1, 0.5, 0.5, 0.0, 9.37583505684222e-7, 6.57324670247368e-9, 6.59095744757228e-10, 2.15447925207583e-6, 2.01935593319015e-8, -3.02327130565626e-9
freqs-im:, 2, 0.493055555555555, 0.493055555555555, 0.0, 3.29523329495355e-6, -7.88400511243619e-7, 2.71752246298124e-10, 6.31616192984964e-5, 3.28343114752964e-6, -7.68627939091081e-6, -5.07233912505274e-7
freqs-im:, 3, 0.48611111111111, 0.48611111111111, 0.0, 3.90475437040315e-5, -1.34609174397716e-5, -6.01912835173782e-9, 3.42398166820677e-4, -1.40745710397821e-4, -1.00840225026962e-4, 3.57571569060301e-8
freqs-im:, 4, 0.479166666666666, 0.479166666666666, 0.0, -1.84392171878158e-4, -7.35640629316972e-5, -3.11872993634334e-8, 1.9941888388658e-5, -5.2222185428634e-7, -3.88868269998108e-6, 1.23641279130072e-5, -1.72286533810774e-8
freqs-im:, 5, 0.472222222222222, 0.472222222222222, 0.0, -6.72946138091051e-8, 6.96978257295285e-7, 3.64376182507433e-7, 2.6342060661289e-10, -1.56639517567199e-7, 1.25251084617623e-7, -1.04982992552633e-6, -1.0974516462496e-7, -1.67719610670958e-8
freqs-im:, 6, 0.465277777777777, 0.465277777777777, 0.0, -2.58116855981434e-7, 2.01358633594906e-7, 1.44227760531625e-7, 1.76216865151579e-11, -2.27679832126276e-7, -7.62483594894777e-8, -5.33657037771006e-7, 1.06874040731483e-7, 3.44530559876674e-8
freqs-im:, 7, 0.458333333333333, 0.458333333333333, 0.0, -3.97181393408211e-7, 4.26326608692155e-8, 5.03546418820014e-8, -2.52625097244526e-10, -3.50969696732364e-7, 8.345365540539e-9, -2.7762699978004e-7, 1.60028237027771e-7, -1.33794775376904e-8
freqs-im:, 8, 0.451388888888888, 0.451388888888888, 0.0, -4.63950113021948e-7, -5.73435703467488e-9, 2.12252832054978e-8, -3.96869613165749e-10, -1.07083627136317e-6, 6.01367074191443e-7, -1.61864853811254e-7, 1.32704616825622e-7, 6.69382390173579e-8
freqs-im:, 9, 0.444444444444444, 0.444444444444444, 0.0, -4.76769613847247e-7, -1.78458951483308e-8, 1.04120503892752e-8, -4.77741930451915e-10, -7.26919396359612e-6, -3.35936588128466e-6, -5.63227305512381e-8, 3.1803918291225e-8, -3.88646961661196e-8
freqs-im:, 10, 0.437499999999999, 0.437499999999999, 0.0, 7.92450545543591e-6, 2.60811569653367e-7, -7.32165953611601e-8, 7.33740818298778e-9, -1.04667132393332e-4, -2.43457965888584e-6, 1.30173383036487e-7, 1.6972635866689e-7
freqs-im:, 11, 0.430555555555555, 0.430555555555555, 0.0, -4.43209952654613e-7, -1.12446242066879e-8, -5.18889473349515e-9, -7.41469283924788e-10, 9.77302455992552e-7, 1.56452356451239e-7, -3.59789039669294e-8, -2.65730382525806e-8, -7.88329658970692e-8
freqs-im:, 12, 0.423611111111111, 0.423611111111111, 0.0, -3.21772135361957e-7, -6.28011618767191e-9, -8.22691533387748e-9, -7.74478493992835e-10, -1.35797328831839e-7, 1.2095937426279e-7, -3.52009501825526e-8, -9.0839186211235e-9, 3.94810817680123e-8
freqs-im:, 13, 0.416666666666666, 0.416666666666666, 0.0, -8.4683695966145e-8, -2.07629578157688e-9, -8.24824130643927e-9, -5.69198426930037e-10, -1.09865610819244e-7, 1.85817590091611e-7, -3.71961835313643e-8, 1.0030137865217e-8, -1.06316742897879e-7
freqs-im:, 14, 0.409722222222222, 0.409722222222222, 0.0, 1.92683187525383e-7, 1.45169845272641e-9, -5.9839457626082e-9, -4.91038769391244e-10, 1.21616098008067e-7, 1.84831038601333e-7, -3.31332270452683e-8, 5.3195024201756e-8, 3.80753317369815e-8
freqs-im:, 15, 0.402777777777777, 0.402777777777777, 0.0, 2.37637680207074e-7, 3.47075131681702e-9, -5.13926535820529e-9, -4.16319058439123e-10, 5.17318771776483e-8, 8.66808930262652e-8, -3.74907290478233e-8, 2.88516355672614e-8, -1.23794417040116e-7
freqs-im:, 16, 0.395833333333333, 0.395833333333333, 0.0, 1.36459853837668e-7, 4.7773670000926e-9, -4.6879382874475e-9, -4.5467866827002e-10, -7.00219939007014e-8, 2.99412356393263e-8, -3.38411047279077e-8, -3.39775745553271e-8, 5.56488249446905e-8
freqs-im:, 17, 0.388888888888888, 0.388888888888888, 0.0, 2.33370626609513e-8, 2.77006663935426e-9, 2.31774935643473e-9, -2.06591869153109e-10, -4.24469160532859e-8, -1.36387393929154e-8, -2.39457269117322e-8, -1.70185480586244e-8, -1.28966031567183e-7
freqs-im:, 18, 0.381944444444444, 0.381944444444444, 0.0, -9.70461234960674e-9, 5.34198896377393e-10, 1.82453438103083e-9, -1.28536816527126e-11, 1.53966552729581e-9, -5.21982550569918e-8, -2.49008241183442e-9, 1.03963780294104e-8, 2.30760182830266e-8
freqs-im:, 19, 0.375, 0.375, 0.0, 3.6758589279554e-10, -4.94012234623681e-10, 2.64588082168434e-9, -1.71065780150005e-10, 5.27539703266378e-8, -4.05392299447575e-8, -6.4402161222278e-9, 3.10835862705243e-8, -6.62747795416433e-8
freqs-im:, 20, 0.368055555555555, 0.368055555555555, 0.0, 1.41386624813881e-8, -1.18944263608804e-10, 9.65124192054926e-9, -3.75849680659641e-11, 9.81446565673756e-8, -1.22668841683759e-8, -1.69743538978125e-8, -1.27215112418571e-8, 5.60021944617617e-8
freqs-im:, 21, 0.361111111111111, 0.361111111111111, 0.0, 1.24803712045654e-7, 4.58005528434121e-10, 4.08807294926557e-9, 1.12610012261075e-10, 7.09290279452865e-8, 2.01883262592822e-8, -2.0341954182806e-8, 7.68553049431247e-9, -2.12950575783092e-8
freqs-im:, 22, 0.354166666666666, 0.354166666666666, 0.0, 1.10014594732144e-8, 6.28408339613684e-10, -7.24791657087466e-9, 3.8314233913664e-10, 4.66492520391707e-9, 1.37693082009886e-8, -3.57346627201911e-9, -1.55351182680676e-8, -5.14154844972265e-8
freqs-im:, 23, 0.347222222222222, 0.347222222222222, 0.0, 8.53731733539451e-8, 9.6673312930796e-10, -3.71350114719472e-9, 2.54570183119623e-10, -1.13412438037628e-8, -2.67095879471065e-8, -5.68828563988762e-9, 1.72454042557291e-8, -1.16884711339312e-7
freqs-im:, 24, 0.340277777777778, 0.340277777777778, 0.0, -2.17573688391103e-9, -5.16411821062133e-10, -2.17055045940869e-9, -1.97129365580482e-10, -2.02485080723868e-8, -4.2821080042469e-8, -1.43093466267559e-8, -1.28094359092278e-8, -4.62565477242108e-8
freqs-im:, 25, 0.333333333333333, 0.333333333333333, 0.0, 6.32350429062749e-8, -5.44676350333786e-10, 4.76943964425247e-9, 4.30348838505878e-10, 3.69020676351763e-10, 9.42360891554781e-9, 2.1110287070817e-8, 2.32600197317891e-8, -4.30342295100193e-8
freqs-im:, 26, 0.326388888888889, 0.326388888888889, 0.0, 5.56542714678374e-8, 4.17585625977294e-11, 1.6009122654272e-8, 3.33042241796999e-10, 3.02649708698133e-8, 7.7192901317627e-8, 2.60347653103348e-8, 6.45607518002385e-8, -6.09674274718769e-8
freqs-im:, 27, 0.319444444444444, 0.319444444444444, 0.0, 5.44927215995755e-8, -6.058695156208e-10, 7.08431660468166e-9, 9.88232265371513e-10, 2.61525122713197e-8, 5.02847940745887e-8, 3.0122580971349e-8, -5.12145087792343e-8, -2.47284901256733e-7
freqs-im:, 28, 0.3125, 0.3125, 0.0, 3.45199790985425e-8, 1.61243237765017e-9, 5.56513243727773e-9, 1.13192407153681e-9, 9.98024133049327e-10, 3.80178739568193e-8, 4.36456901456757e-8, -6.19631580812979e-8, -6.07383349431407e-8
freqs-im:, 29, 0.305555555555555, 0.305555555555555, 0.0, 1.81148882280842e-7, 1.59284157439713e-9, 1.55965722007731e-8, -5.57576680122931e-10, 5.71703344389891e-8, 8.11904796631008e-8, 5.79905782802225e-8, -1.08795035965204e-8, 9.00414840190168e-8
freqs-im:, 30, 0.298611111111111, 0.298611111111111, 0.0, -6.36103214257291e-8, 1.98998400835143e-9, -1.96985456384702e-8, -2.07133977059162e-9, 2.09317138830043e-7, -7.14972355425327e-8, 1.06476545710497e-8, 1.85106569338593e-7
freqs-im:, 31, 0.291666666666667, 0.291666666666667, 0.0, -4.38548472561442e-8, 2.92756205279057e-9, -4.00035213416801e-8, 4.31742628114435e-9, 3.91687003164e-7, -5.64431933442811e-7, -4.02420502220747e-8, -4.97779236040039e-8
freqs-im:, 32, 0.284722222222222, 0.284722222222222, 0.0, 2.434164721444e-8, 6.3884070003736e-9, -3.52474901792791e-8, 6.88240934275243e-10, 6.71901131370788e-7, -1.05818113266018e-6, 1.46866847892296e-9, -2.8379057647212e-7
freqs-im:, 33, 0.277777777777778, 0.277777777777778, 0.0, -2.3532283073197e-8, 7.52662998261625e-9, -2.7470206293777e-8, -9.82447189953399e-10, 1.95009626629294e-6, -2.0594435629967e-6, -2.96178016391237e-8, -1.58958751396075e-9
freqs-im:, 34, 0.270833333333333, 0.270833333333333, 0.0, 1.13185476789108e-7, 5.07831673813943e-9, -1.62112335160403e-8, 3.26951550185738e-9, 4.73553735746411e-6, -3.46177462955025e-6, -2.3431248159233e-8, 8.63037372029416e-8
freqs-im:, 35, 0.263888888888889, 0.263888888888889, 0.0, 3.39648607183477e-9, 2.70220773827952e-9, -1.81048262260499e-8, 1.24558578719232e-9, 4.87000046407567e-5, 2.04077673046822e-5, 6.76737203691834e-8, -7.63888378178629e-9
freqs-im:, 36, 0.256944444444444, 0.256944444444444, 0.0, -2.23387431716005e-8, 3.37117592448304e-9, -1.15755997953338e-8, -2.8114124372982e-10, -3.5794765598096e-7, -3.18524226160342e-8, 4.1447697875535e-8, -1.48587079500737e-7
freqs-im:, 37, 0.25, 0.25, 0.0, -5.46928878028465e-8, 3.37999242205539e-9, -8.64121580081403e-9, 5.48005189283238e-9, 4.25764590456512e-7, -4.42454771593575e-7, 5.82081946567021e-8, -4.17630536387089e-7
freqs-im:, 38, 0.243055555555556, 0.243055555555556, 0.0, -1.52402425631892e-7, 2.29491862852179e-10, -2.03914782465146e-8, 1.32081933440249e-9, 1.7490026577778e-7, 2.24089019239972e-9, 1.3468530226438e-7, -3.59686485113441e-7
freqs-im:, 39, 0.236111111111111, 0.236111111111111, 0.0, 1.85535326473712e-7, -1.49281595719902e-9, -6.29515062699909e-8, 1.15548689189099e-8, 4.87897482069715e-8, 2.50956892776277e-7, 2.85972915454212e-7, 2.49968669207205e-8
freqs-im:, 40, 0.229166666666667, 0.229166666666667, 0.0, -3.4759430391308e-7, 4.21535167963556e-9, -3.02660163560035e-8, -1.60861641922977e-9, 1.44242792539499e-7, 1.16563962274968e-7, 1.13340245404314e-7, 2.67559557166985e-7
freqs-im:, 41, 0.222222222222222, 0.222222222222222, 0.0, 1.71625952674157e-7, 8.88971676674519e-9, 2.7859539992479e-8, -3.32572085231665e-9, 2.95207866173712e-7, -1.06970980886446e-7, 4.03928732833162e-8, -7.70931161263156e-7
freqs-im:, 42, 0.215277777777778, 0.215277777777778, 0.0, -1.42126698517579e-7, 4.42641470173428e-9, 6.13560362435248e-8, 3.4009869101016e-9, 8.94942886771144e-8, -2.50831445331303e-7, -1.42356772054787e-8, 1.61636961978208e-8
freqs-im:, 43, 0.208333333333333, 0.208333333333333, 0.0, -5.11428077674988e-8, 1.51225197310786e-9, 1.16314298174828e-8, 5.97665945961012e-9, -3.45833592593896e-8, -1.03647303309703e-7, 5.72187990239999e-8, -5.9080004806707e-7
freqs-im:, 44, 0.201388888888889, 0.201388888888889, 0.0, -3.95696566205293e-7, 1.69276046666444e-9, -8.98447751868144e-9, -3.73397190392654e-9, -4.30664690260685e-8, 4.43732895181362e-9, 1.34598788351714e-7, -4.09708681679071e-7
freqs-im:, 45, 0.194444444444444, 0.194444444444444, 0.0, -1.33795651648205e-7, 2.46080081089439e-9, 1.54965670973277e-9, 2.14546931124903e-9, 1.42276388500705e-7, -2.13725966745435e-8, 2.52001949497172e-7, -3.74989888114817e-7
freqs-im:, 46, 0.1875, 0.1875, 0.0, 6.65785154594966e-8, -2.36369423664406e-9, 8.01210386619148e-8, -7.64446742223379e-9, -7.07456303917532e-7, -4.46374561669591e-7, 1.63272948362302e-7, 1.44925244848792e-7
freqs-im:, 47, 0.180555555555556, 0.180555555555556, 0.0, -1.96637376385284e-7, 1.30915023267357e-9, 5.2105138590542e-8, 4.19717021550846e-9, -1.46550997794351e-8, -3.17358888640323e-7, -6.59495505516906e-9, -1.14042839031743e-7
freqs-im:, 48, 0.173611111111111, 0.173611111111111, 0.0, 2.60559361572513e-7, -2.4171200674693e-8, -2.74068326281961e-9, -1.79979814760404e-9, 1.39523795144754e-8, -1.72920042341497e-7, 2.61344764542593e-9, -3.31923149099715e-6
freqs-im:, 49, 0.166666666666667, 0.166666666666667, 0.0, -3.84390285203139e-7, 1.12212315605806e-8, -3.15379979261885e-8, -6.57731499209747e-9, -6.86567672327975e-7, 9.15660397696466e-8, -2.90359827685628e-8, 7.71352230193626e-8
freqs-im:, 50, 0.159722222222222, 0.159722222222222, 0.0, -2.26119312706314e-7, -6.27544996055463e-9, 4.61527828525677e-8, -6.73040003340401e-10, 1.48673682534669e-7, -6.28278032929712e-7, 2.15005115410631e-7, 9.40382530508316e-7
freqs-im:, 51, 0.152777777777778, 0.152777777777778, 0.0, -1.89454897746332e-7, -5.05744240659638e-10, 6.2858017130908e-8, 1.3875699890329e-11, -3.88071144186473e-7, -3.97326519300223e-7, 2.37842722785042e-7, 3.29913147018405e-7
freqs-im:, 52, 0.145833333333333, 0.145833333333333, 0.0, -4.1606441419643e-7, 6.45837637613555e-9, -1.518271593997e-7, 1.35229297136716e-8, 3.19857914856526e-6, 3.03288655838514e-7, -8.74945816397894e-7, 2.21566022543558e-6
freqs-im:, 53, 0.138888888888889, 0.138888888888889, 0.0, -6.03431714758779e-7, 9.14437176430072e-9, 3.96256543445455e-9, -6.67780214359826e-9, -1.30501776562224e-7, -7.98122424187538e-7, -7.51513409322399e-8, 4.34870899560579e-7
freqs-im:, 54, 0.131944444444444, 0.131944444444444, 0.0, -4.37718785993626e-8, -5.57995241339135e-9, -7.30741722412574e-8, -2.6135147915421e-9, 3.56557059259535e-7, 6.48973833920612e-7, 1.76330877820459e-7, -5.7696800956277e-7
freqs-im:, 55, 0.125, 0.125, 0.0, -7.19893542924627e-8, -1.85869707279222e-9, -6.97050226448277e-8, 1.54792507440661e-9, -2.45365426537139e-7, 4.13409925925395e-7, -1.2343397712311e-8, 4.42120043322123e-7
freqs-im:, 56, 0.118055555555556, 0.118055555555556, 0.0, 2.80567649241944e-7, 2.36524422608064e-9, 2.40986599055997e-8, 6.15081108709712e-10, 1.07915531014108e-7, 8.671826191345e-7, 6.66704801369638e-8, -5.45499859575643e-7
freqs-im:, 57, 0.111111111111111, 0.111111111111111, 0.0, -2.48735982933316e-6, -5.91441812794383e-10, 1.07761744836755e-7, -9.30722112489223e-9, 2.43748607035549e-6, 1.17358768050759e-6, -8.80994766461698e-7, 1.10766159787412e-5
freqs-im:, 58, 0.104166666666667, 0.104166666666667, 0.0, 5.94337031228098e-7, -1.77017686659327e-8, -2.27679385304769e-8, -3.49719020960583e-9, 2.28463619919226e-6, -1.28391277961899e-6, -2.15703654491295e-7
freqs-im:, 59, 0.0972222222222222, 0.0972222222222222, 0.0, 7.03231460352046e-7, -3.56118933094177e-9, -8.29101976696057e-9, 7.42640010287202e-9, 1.78682250854146e-6, 5.97025633009243e-7, -1.10806262709751e-7
freqs-im:, 60, 0.0902777777777778, 0.0902777777777778, 0.0, -1.16170874275226e-6, 1.49347539185277e-9, -3.65593128888351e-7, 1.65104713670613e-8, 1.21086820313837e-6, -2.80847260069813e-6, 3.39501149120048e-7
freqs-im:, 61, 0.0833333333333334, 0.0833333333333334, 0.0, -4.29084228393008e-7, -2.05413148848301e-8, -4.42300938754791e-7, -5.37795255823785e-9, -3.62046791132519e-7, 2.3287626475582e-6, -1.09969120555586e-6
freqs-im:, 62, 0.0763888888888889, 0.0763888888888889, 0.0, 2.59530739440842e-6, -1.18671251972342e-8, -2.61370654847885e-8, -1.79814355237928e-9, 5.92031506724679e-7, 8.04712982745168e-6, -2.39884682485728e-7
freqs-im:, 63, 0.0694444444444445, 0.0694444444444445, 0.0, 5.00688731041675e-6, 3.5885463399345e-9, -3.36023030268388e-8, -5.20525480000004e-9, 6.23580830696385e-7, 1.860658689721e-6, -1.69927804688198e-7
freqs-im:, 64, 0.0625, 0.0625, 0.0, -4.40830328303804e-6, -1.38675753552118e-8, -1.33988386342621e-8, 1.583047867295e-8, 4.64555120324278e-7, 1.56818258932446e-5, -2.69260206831163e-7
freqs-im:, 65, 0.0555555555555556, 0.0555555555555556, 0.0, 6.1516735370651e-6, -7.89506544626216e-9, -3.56637890767405e-7, 2.04532000547198e-9, 2.23059015666206e-6, -1.86337802548499e-6, -3.15304334322008e-7
freqs-im:, 66, 0.0486111111111111, 0.0486111111111111, 0.0, 6.7698959258046e-6, -3.74883145540708e-9, -1.45420792714458e-7, -7.19640783748415e-10, 2.22283188040289e-6, -1.28783323883652e-6, -1.01967457068082e-6
freqs-im:, 67, 0.0416666666666667, 0.0416666666666667, 0.0, -1.90032112108686e-5, -2.84484212298546e-8, -4.30781049087519e-8, 1.44232217752758e-9, -1.06940226927548e-6, -4.57630837390742e-7, -1.54719424745015e-6
freqs-im:, 68, 0.0347222222222222, 0.0347222222222222, 0.0, -7.74361659256696e-6, -6.39386907936275e-9, -2.54182768367283e-7, -6.32137151588101e-9, -9.86912358036836e-7, 2.02325453773297e-5, -3.74978240922887e-7
freqs-im:, 69, 0.0277777777777778, 0.0277777777777778, 0.0, 2.4464184233168e-7, -1.18834386156208e-8, -4.35176086545915e-7, -9.48513782008641e-9, 1.76623944015745e-7, 3.478829493075e-8, -2.21990694606142e-7
freqs-im:, 70, 0.0208333333333333, 0.0208333333333333, 0.0, 9.40702051773012e-5, -1.04480324520313e-7, -1.89828378163984e-6, -2.60811442653597e-8, -2.06387949252897e-6, -4.67703579900457e-5, 2.47772675494709e-6
freqs-im:, 71, 0.0138888888888889, 0.0138888888888889, 0.0, 1.70146552336491e-7, -5.02357855323501e-6, 2.73583156756105e-8, 2.14996242633181e-6, -2.69933574228233e-5, 1.53419777404642e-6
freqs-im:, 72, 0.00694444444444444, 0.00694444444444444, 0.0, -3.53492165453993e-5, -4.45585864974182e-5, 3.64011183828031e-6, -6.51446258515871e-6, -4.28497161570362e-7
freqs-im:, 73, 0.0, 0.0, 0.0, 8.07102098941534e-7, 1.0381670704676e-4, 4.252852667021e-6, 1.78445827950231e-5, -2.29780898849653e-7
