freqs-im:, 1, 0.5, 0.0, 0.0, 1.04296250463618e-5, 1.45344167791419e-8, 1.05882712788903e-5, -1.72902020618602e-8, -5.84397155409926e-8, -1.10672049625266e-6, 3.41105942248378e-5, -1.0430409937619e-4
freqs-im:, 2, 0.5, 0.00980392156862707, 0.0, 1.05836547326504e-5, 1.59565403108302e-8, 1.12745936224816e-5, -1.68120063710108e-8, 2.55713998748748e-7, -6.49709763178603e-7, 3.44243312903826e-5, -8.74810347600739e-5
freqs-im:, 3, 0.5, 0.0196078431372545, 0.0, -1.13750099284861e-5, 1.02265251010563e-8, -5.29593522603975e-7, -8.80207129386467e-9, 7.28087054183796e-7, 5.31341545887945e-7, 2.63268502718494e-5, 2.73745511237985e-5
freqs-im:, 4, 0.5, 0.029411764705882, 0.0, 4.67153828062093e-6, -5.29089088147416e-9, 3.87776693774324e-7, -1.71855547446573e-8, 7.96659301670029e-7, -3.97259326191039e-7, 3.25728603193329e-5, -7.0630124571253e-6
freqs-im:, 5, 0.5, 0.0392156862745094, 0.0, 1.93758760060353e-5, -2.254428475164e-8, 7.34357704505631e-6, -1.9467158164312e-8, -1.04263289382456e-6, -1.73348288811472e-6, 2.07916000494877e-5, -6.21131423942933e-5
freqs-im:, 6, 0.5, 0.0490196078431369, 0.0, -2.41701864924889e-6, 9.82295653358935e-9, -5.27346389658828e-6, 1.21413165529455e-8, -5.51608823571298e-7, 5.59317407031517e-7, -9.88059076003646e-6, -4.43912475937974e-6
freqs-im:, 7, 0.5, 0.0588235294117643, 0.0, 1.09948075356182e-5, -1.56477346417149e-8, 3.11856668799943e-6, -1.01456019039231e-9, -8.40871264349486e-7, -7.99047024271642e-7, -6.72580390306769e-6, 1.03654563267753e-5
freqs-im:, 8, 0.5, 0.0686274509803918, 0.0, -7.23824944904159e-7, 1.38105112266129e-8, 2.60657345730203e-6, 1.36799883306666e-8, 3.09196414307281e-7, 6.78429231884381e-7, -2.91330382796169e-5, 4.96855060014753e-7
freqs-im:, 9, 0.5, 0.0784313725490192, 0.0, 3.91743428265956e-6, -1.50953365939868e-9, -1.57398779158994e-6, 6.0346430943425e-10, -2.07248462697685e-7, 9.93238422497116e-8, 6.08927595006062e-6, -2.31244510653532e-5
freqs-im:, 10, 0.5, 0.0882352941176467, 0.0, -2.6361308468466e-6, 2.44742269111937e-9, -2.52020995461075e-6, -9.5475996733842e-9, 2.07937336507548e-7, -5.91818682289147e-7, -4.81551747951933e-6, -1.08061085195372e-4
freqs-im:, 11, 0.5, 0.0980392156862741, 0.0, -3.25914105517468e-6, 1.94469290970135e-9, 1.19358506411973e-7, -6.58120374692431e-11, -1.268220641411e-7, 3.36700757100113e-7, -9.63155929734954e-6, -4.31693745613924e-5
freqs-im:, 12, 0.5, 0.107843137254902, 0.0, 1.3352438336508e-5, -9.52607438605772e-9, 7.21009433094899e-7, 1.18603774516712e-8, 5.35565175623414e-8, 5.4004617060893e-7, -1.0538241144297e-5, -4.8050066713604e-5
freqs-im:, 13, 0.5, 0.117647058823529, 0.0, 6.33140845522579e-6, 1.6491708921649e-8, 1.65450470540983e-7, 1.35142319568212e-8, 3.74803241690817e-7, 4.01834825273719e-8, 3.17226959058452e-5, -5.21229351692529e-5
freqs-im:, 14, 0.5, 0.127450980392156, 0.0, -3.21925068454203e-7, -2.76200075334464e-10, 3.15621589621254e-7, -1.01276084531524e-8, -1.20313325514515e-6, -2.39539476376242e-7, 1.09790220741747e-5, -5.51170116499022e-5
freqs-im:, 15, 0.5, 0.137254901960784, 0.0, -2.46614193580771e-6, -5.78487555170114e-9, 6.35704548406165e-7, -1.51740843170345e-8, 1.88322795613458e-7, 3.67583714831958e-8, -2.22299062413507e-6, -5.22566876080334e-5
freqs-im:, 16, 0.5, 0.147058823529411, 0.0, 8.10662271570246e-6, 6.62173249156757e-9, 4.74558872991484e-7, -8.44429917874105e-9, 3.29010189004646e-7, 6.22527507422283e-7, 4.12185343187021e-7, -6.19428917281781e-6
freqs-im:, 17, 0.5, 0.156862745098039, 0.0, 9.55705337339149e-6, 8.77862776656495e-9, 1.18282609173475e-8, -4.80002315487569e-9, -9.21223700695788e-7, 3.28431795977418e-7, -3.57029387090231e-6, 4.77712196234717e-7
freqs-im:, 18, 0.5, 0.166666666666666, 0.0, -1.48842873465744e-6, 5.81433667366573e-11, -1.76826372760756e-8, -3.39967369541234e-10, 1.25280498386739e-7, -1.69827675251523e-8, -8.55487195781855e-6, 4.71973705205847e-6
freqs-im:, 19, 0.5, 0.176470588235294, 0.0, -1.32126263105519e-6, -2.77562554335527e-9, 3.33589356322699e-7, 5.74237132284065e-10, -7.70731730318514e-9, -5.25628696079356e-8, -4.36937587142134e-6, 3.85680392881145e-6
freqs-im:, 20, 0.5, 0.186274509803921, 0.0, -1.32336583547268e-6, 1.32215021860328e-8, -1.27616716555876e-7, -1.18426045242608e-9, -6.80144383138325e-7, -6.73988943031546e-8, -1.41234224252248e-7, -3.02547312534606e-5
freqs-im:, 21, 0.5, 0.196078431372549, 0.0, 7.60934809796499e-7, 2.63215496126468e-9, -7.05637217977915e-7, -1.58458909558009e-9, -2.39395026179025e-7, -1.30635053821539e-7, 4.92119547356284e-6, 4.71523703976935e-8
freqs-im:, 22, 0.5, 0.205882352941176, 0.0, 7.20512426538389e-6, 1.15758054606688e-11, -9.74054086630353e-7, -7.26151025787151e-10, 4.67371256630224e-8, -4.86151304732222e-8, 9.13169701716955e-6, 8.24604857326598e-7, -1.50683003811746e-6
freqs-im:, 23, 0.5, 0.215686274509803, 0.0, 5.46216442502414e-6, -2.02113577511343e-9, -2.55775266505756e-7, -8.87441901234258e-10, -4.06351236690151e-8, 1.08581598523436e-7, 1.00368760886235e-5, -1.78549335405989e-6, 4.38003618484871e-7
freqs-im:, 24, 0.5, 0.225490196078431, 0.0, -2.10238161579016e-7, 9.11784452471548e-9, 2.29551346398934e-7, -1.66572080478544e-9, -5.09442609299945e-7, 2.35181858115163e-7, 1.41610234462924e-5, -1.16928804557264e-5, -9.22366799281722e-7
freqs-im:, 25, 0.5, 0.235294117647058, 0.0, -8.70590333121226e-7, -2.53018779235115e-10, 9.87307875515513e-8, -1.23563277165089e-9, 1.55046405717703e-7, 1.54693344366531e-7, 1.41651443984239e-5, 8.82147582027446e-7, 2.22396057026762e-7
freqs-im:, 26, 0.5, 0.245098039215686, 0.0, -1.29526145634499e-7, -2.86581405815229e-10, 2.9512388024618e-8, -1.99163294987885e-9, -2.34884550295246e-8, 3.26825500514797e-8, 1.4108880656649e-5, 1.87176075890922e-6, -6.39177864173542e-7
freqs-im:, 27, 0.5, 0.254901960784313, 0.0, -3.55847086088632e-7, 4.20688433754016e-10, 2.06930477732736e-8, -2.45698909375587e-9, -3.88132586145556e-7, -4.22821604925298e-8, 1.1868404985874e-5, -7.62687343083925e-6, 1.20417898267544e-7
freqs-im:, 28, 0.5, 0.264705882352941, 0.0, 1.52116684815585e-6, 6.01921810836776e-9, -1.96363009007773e-7, -2.94387829966029e-9, 2.74146341446918e-7, -4.40871867772301e-8, 1.13461113645875e-5, 1.20232790796213e-6, -3.75441011656316e-7
freqs-im:, 29, 0.5, 0.274509803921568, 0.0, 3.9173094749435e-6, -2.67817617503312e-9, -3.28319411406167e-7, -2.86030039049254e-9, -3.99344142491273e-8, 8.14200511520895e-9, 4.43877087450524e-6, 9.13027721606754e-7, 1.29877590043572e-7
freqs-im:, 30, 0.5, 0.284313725490196, 0.0, 2.88955712084656e-6, -4.30210307708833e-10, 3.20471444947661e-8, -2.16969029606454e-9, -4.01242839009681e-7, 2.49425105346375e-8, 3.01316704113201e-6, -6.13204303242277e-6, -2.88334039325779e-7
freqs-im:, 31, 0.5, 0.294117647058823, 0.0, -9.59738876436605e-7, 5.07859662877432e-10, 1.34468867643252e-7, -2.09912368240668e-10, 3.08381568959631e-7, 7.09093919076918e-8, -1.21894868080727e-6, 1.09443406002095e-6, 7.34510112914909e-8
freqs-im:, 32, 0.5, 0.303921568627451, 0.0, 4.88009866619072e-6, -4.32887062661396e-9, 3.74674005187729e-8, 6.18387330369968e-9, 1.76041930796754e-7, -2.14686802424749e-5, 3.63485554918496e-6, -6.52658335571105e-7
freqs-im:, 33, 0.5, 0.313725490196078, 0.0, -4.58505866003348e-7, 1.37456788134818e-9, 1.4401381966468e-9, 1.51538729323311e-9, -1.23250296216132e-7, -4.94984816391991e-6, -5.07208732112303e-6, 8.70418039900555e-8
freqs-im:, 34, 0.5, 0.323529411764706, 0.0, -3.37883143346143e-7, -1.44227411613915e-9, -9.58565097577301e-8, 1.71987858266128e-9, -1.86978936573682e-8, -1.36254293245184e-6, 1.07808395923006e-6, -1.33279350782353e-7
freqs-im:, 35, 0.5, 0.333333333333333, 0.0, -2.00351581358805e-6, -4.72870663738469e-9, 3.86403358617968e-7, -5.10391384444596e-10, -1.34724580266564e-6, -1.7340839319279e-5, 7.82009518785291e-6, 4.46334631375941e-7
freqs-im:, 36, 0.5, 0.34313725490196, 0.0, 1.33584081985798e-6, 3.99389884557692e-9, -5.68587678130087e-8, 6.49418377047414e-10, -1.38264449105071e-7, 1.35179225314772e-5, -4.07481451472291e-7, -2.03842209919031e-6, -1.22448353263642e-7
freqs-im:, 37, 0.5, 0.352941176470588, 0.0, 2.78734660673047e-6, 1.71961424322782e-9, 9.69544803015893e-8, 3.14794339405461e-10, 1.96968156469728e-7, 5.3586964071839e-6, -1.30781500697879e-7, 1.42490624647624e-6, 4.26235701372068e-8
freqs-im:, 38, 0.5, 0.362745098039215, 0.0, 2.47836261543224e-6, -3.62240087279595e-9, 1.10541047759854e-7, -1.40060319534454e-10, 2.55186828192557e-7, 1.58887906391484e-6, 7.26471282253442e-8, -1.38656594542866e-7, -8.9121596773138e-8
freqs-im:, 39, 0.5, 0.372549019607843, 0.0, 1.005705896158e-6, -1.70833953073845e-9, 3.4395858306165e-8, -3.74096841645071e-10, -1.49361824472616e-7, 4.76193176154871e-7, 8.15211117470226e-8, -1.38259248132931e-6, 6.27288003837436e-8
freqs-im:, 40, 0.5, 0.38235294117647, 0.0, -6.77691849387208e-7, 2.9673727029475e-10, -1.49819279249439e-8, -5.72834861116173e-10, 7.83196771176577e-8, 7.70174647506819e-8, 1.29402761280956e-8, 8.66312572158731e-7, -2.32695431043147e-8
freqs-im:, 41, 0.5, 0.392156862745098, 0.0, -1.56657389912899e-6, 4.90280807663427e-9, -4.97324338970142e-8, -6.68303804024234e-10, 2.43379648442988e-7, -1.15541106486507e-7, -7.69644899443045e-9, -2.7220137895658e-7, 1.67702901715212e-8
freqs-im:, 42, 0.5, 0.401960784313725, 0.0, -1.54301932101942e-6, 2.8951119135753e-9, -4.87404188841926e-8, -6.85833607850483e-10, -1.19590289102797e-7, -1.46639906419728e-7, -1.12681221447161e-8, -4.47327675023937e-7, -3.51007286965271e-9
freqs-im:, 43, 0.5, 0.411764705882353, 0.0, -1.45586687550853e-6, -1.95599730842672e-9, -6.46916478308102e-8, -7.58828044588348e-10, -2.58399405868949e-7, -1.60569873270152e-7, 9.83246569211604e-10, 4.1427422252057e-7, -2.48779990881097e-8
freqs-im:, 44, 0.5, 0.42156862745098, 0.0, -1.48892639545803e-6, -5.30391065877106e-9, -7.21804215229807e-8, -5.95802706658044e-10, 7.42755087921201e-7, -1.86600890529718e-7, 3.54267099986919e-8, -1.98312892643453e-7, 3.39950236036618e-8
freqs-im:, 45, 0.5, 0.431372549019608, 0.0, -1.57280506528626e-6, -7.83850670247665e-9, -3.19098401098013e-8, -3.5446363099022e-10, 1.47260201659682e-7, -3.42093007028202e-7, 8.05247179424961e-9, -1.22343933531072e-7, -1.03175752098922e-8
freqs-im:, 46, 0.5, 0.441176470588235, 0.0, -1.16209635843562e-6, -6.92647769897903e-9, 5.74529528711205e-8, -1.8896028757837e-10, -1.49896516720953e-7, -3.79472394639275e-7, -8.71663664747343e-9, 2.66344869459151e-7, -4.293483775204e-9
freqs-im:, 47, 0.5, 0.450980392156863, 0.0, -8.75139337627482e-7, 3.79504915343343e-9, 3.1161018661265e-7, 8.74058833856722e-11, -1.02070586640835e-6, 2.35181346399273e-7, -1.63339824301507e-8, -1.74348710083512e-7, 1.45780582300114e-8
freqs-im:, 48, 0.5, 0.46078431372549, 0.0, -4.46667711294773e-7, 4.57316236997462e-8, 8.78656942123807e-7, 2.65345902379991e-10, -1.70254978454585e-6, 7.49574262797261e-7, 1.45199629251225e-8, -5.84746033990089e-8, -1.05252067673677e-8
freqs-im:, 49, 0.5, 0.470588235294118, 0.0, -3.2590270859745e-4, -7.2680436861642e-5, -2.12042060937148e-8, 1.60742479340591e-4, 1.62913862334384e-7, -6.69304728065752e-8, 1.45447978358672e-6, -3.18790820255076e-8
freqs-im:, 50, 0.5, 0.480392156862745, 0.0, -5.92280446497889e-5, -1.63282416637301e-5, -4.86990488881008e-9, 9.84789076534569e-5, -8.3427622856279e-7, -3.08530573808495e-7, 4.93816777379295e-6, 4.12271426659758e-8
freqs-im:, 51, 0.5, 0.490196078431372, 0.0, -2.73530460246084e-6, -1.06281029294615e-6, 1.94580681089708e-10, 7.913698349769e-6, -1.29295651057501e-6, -3.11579426881024e-6, -2.22001837428816e-5, 2.94093578435333e-8
freqs-im:, 52, 0.5, 0.5, 0.0, 9.37583505684222e-7, 6.57324670247368e-9, 6.59095744757228e-10, 2.15447925207583e-6, 2.01935593319015e-8, -3.02327130565626e-9
