freqs:, 1, 0.5, 0.0, 0.0, 0.237419563587236, 0.411706070839207, 0.543960442752724, 0.701330632135172, 0.725966319723524, 0.813352532947691, 0.830216199862276, 0.994921994183344
freqs:, 2, 0.5, 0.00980392156862707, 0.0, 0.23745725317014, 0.41176774646919, 0.543903130244266, 0.701317256131652, 0.726044224840653, 0.813365781253135, 0.83022034463062, 0.994772202927641
freqs:, 3, 0.5, 0.0196078431372545, 0.0, 0.237560464610096, 0.411952611382824, 0.543726442088977, 0.701277115063767, 0.726279084243676, 0.813407208822219, 0.830242209857479, 0.99446780582008
freqs:, 4, 0.5, 0.029411764705882, 0.0, 0.237729931879092, 0.412260123489669, 0.543416435229498, 0.701210218966456, 0.726665621737493, 0.813474212821437, 0.830200874421367, 0.9939018778808
freqs:, 5, 0.5, 0.0392156862745094, 0.0, 0.237942638308416, 0.412689474863442, 0.54298814302945, 0.70111647789499, 0.727205318074981, 0.813568035984663, 0.83017658535839, 0.993042537187275
freqs:, 6, 0.5, 0.0490196078431369, 0.0, 0.238227123031157, 0.413239508243893, 0.542454187291476, 0.700995777750268, 0.727897317950558, 0.813688692169775, 0.830258420386749, 0.99217083638746
freqs:, 7, 0.5, 0.0588235294117643, 0.0, 0.238588917477619, 0.4139086911396, 0.541796901353623, 0.700848146293894, 0.728733912648503, 0.813837438746892, 0.830228320247367, 0.990881847493339
freqs:, 8, 0.5, 0.0686274509803918, 0.0, 0.239013554860581, 0.414695205808635, 0.541030010174692, 0.700673402734144, 0.72971450750156, 0.814014969607637, 0.830260527063806, 0.989487786416232
freqs:, 9, 0.5, 0.0784313725490192, 0.0, 0.239501961855758, 0.415596874063673, 0.540165329271613, 0.700471461807619, 0.730834436016943, 0.814218719251371, 0.830275031685039, 0.987907757831037
freqs:, 10, 0.5, 0.0882352941176467, 0.0, 0.240025429770072, 0.416611295162243, 0.539202444045146, 0.700242251906635, 0.732089439594382, 0.814453167292123, 0.830268954612717, 0.986207296302269
freqs:, 11, 0.5, 0.0980392156862741, 0.0, 0.240633626733863, 0.417735546993993, 0.538136589183066, 0.699985625309857, 0.733473817340647, 0.814717872790538, 0.830295085222373, 0.984294188261004
freqs:, 12, 0.5, 0.107843137254902, 0.0, 0.241300815373662, 0.41896663584831, 0.536984873999177, 0.699701510984193, 0.734985782612382, 0.815010709740929, 0.830359510797455, 0.982274512054631
freqs:, 13, 0.5, 0.117647058823529, 0.0, 0.241986466969465, 0.420301115947161, 0.535752506231374, 0.699389809604045, 0.736615582110554, 0.815337071366493, 0.830356432758585, 0.980060724286296
freqs:, 14, 0.5, 0.127450980392156, 0.0, 0.24275732956182, 0.421735218518229, 0.534442269902244, 0.699050504009189, 0.73836035253857, 0.81569516667068, 0.830347465543602, 0.977723352622705
freqs:, 15, 0.5, 0.137254901960784, 0.0, 0.243571937221716, 0.423264994587553, 0.533062182927207, 0.698683563147744, 0.740215622823951, 0.816086987920295, 0.830375922836985, 0.975253147416406
freqs:, 16, 0.5, 0.147058823529411, 0.0, 0.24443421938884, 0.424886107568331, 0.531619375460557, 0.698288999178101, 0.742173540615029, 0.81651180635189, 0.830403429911485, 0.972707759623411
freqs:, 17, 0.5, 0.156862745098039, 0.0, 0.245320986493773, 0.426593897966026, 0.530118376765451, 0.697866887893766, 0.744230593279299, 0.816971880281869, 0.830431652129638, 0.970099671711266
freqs:, 18, 0.5, 0.166666666666666, 0.0, 0.246264506684846, 0.428383543069159, 0.528566668385847, 0.697417378791839, 0.746382175443527, 0.817468967651339, 0.830466088145899, 0.96738217545111
freqs:, 19, 0.5, 0.176470588235294, 0.0, 0.247250689515215, 0.430249826809467, 0.526970734092208, 0.696940702811355, 0.748621058174862, 0.818003743799714, 0.830497845684225, 0.964610723538804
freqs:, 20, 0.5, 0.186274509803921, 0.0, 0.248267665322324, 0.432187282130233, 0.525337138273458, 0.696437177245172, 0.750943481885019, 0.818577336199293, 0.830533406316042, 0.961721266385032
freqs:, 21, 0.5, 0.196078431372549, 0.0, 0.249319592966216, 0.434190154796771, 0.523670808733747, 0.695907230561138, 0.753346295546233, 0.819191328652124, 0.830564315332865, 0.958772627380696
freqs:, 22, 0.5, 0.205882352941176, 0.0, 0.250394506835003, 0.436252450675603, 0.521978436366542, 0.695351420646514, 0.755821259791138, 0.819847078908349, 0.830595403493098, 0.955788061458491, 0.999297098805135
freqs:, 23, 0.5, 0.215686274509803, 0.0, 0.251489698702587, 0.438367850018055, 0.520266693125897, 0.694770445194108, 0.758366174422047, 0.820545854829151, 0.830625639467383, 0.952748042826048, 0.99400514044591
freqs:, 24, 0.5, 0.225490196078431, 0.0, 0.252612556504525, 0.440529767635928, 0.518542298900013, 0.694165160468349, 0.760977341657202, 0.821289278059146, 0.830660095381915, 0.94963203135735, 0.98871596465297
freqs:, 25, 0.5, 0.235294117647058, 0.0, 0.253757751983278, 0.442731354768085, 0.516810215832734, 0.693536601039657, 0.763648410783679, 0.8220789596478, 0.830692638595778, 0.946492950032577, 0.983441234885581
freqs:, 26, 0.5, 0.245098039215686, 0.0, 0.254912834597941, 0.444965496633995, 0.515076144197844, 0.692886001331082, 0.766376735270986, 0.822916711470837, 0.830727985229512, 0.943311625112102, 0.978193008237495
freqs:, 27, 0.5, 0.254901960784313, 0.0, 0.256077312326517, 0.447224783000739, 0.513346178254503, 0.692214808733905, 0.769158487449066, 0.82380422472959, 0.830766031429178, 0.940088319373715, 0.972981087713661
freqs:, 28, 0.5, 0.264705882352941, 0.0, 0.257247755866158, 0.449501537273817, 0.511625959271493, 0.691524706096982, 0.771989014890159, 0.824743108908783, 0.830805920685202, 0.936828641633932, 0.967814249222114
freqs:, 29, 0.5, 0.274509803921568, 0.0, 0.258415986289602, 0.451787835080446, 0.509920711523129, 0.69081762915318, 0.774864841037235, 0.825735142226887, 0.830850483269346, 0.933546831221026, 0.962700735698771
freqs:, 30, 0.5, 0.284313725490196, 0.0, 0.259579304033028, 0.454075478424654, 0.508236566776227, 0.690095782751823, 0.777782480179022, 0.826782121569642, 0.830897666963754, 0.930237698291592, 0.957647090252946
freqs:, 31, 0.5, 0.294117647058823, 0.0, 0.260738561162759, 0.456356005169935, 0.506579247037941, 0.689361658981496, 0.780738112943138, 0.827885959119876, 0.830950786298784, 0.92689880608466, 0.95266036426463
freqs:, 32, 0.5, 0.303921568627451, 0.0, 0.261888348282152, 0.458620729263884, 0.504953535493299, 0.68861805864315, 0.783727669633795, 0.8290547386926, 0.923547136971741, 0.947745646088669
freqs:, 33, 0.5, 0.313725490196078, 0.0, 0.26302000644179, 0.46086067907539, 0.50336491970806, 0.687868034080284, 0.786745798795417, 0.8302801855616, 0.920175571981662, 0.942908812677382
freqs:, 34, 0.5, 0.323529411764706, 0.0, 0.264129598459905, 0.463066757192899, 0.501818798536909, 0.687115029877705, 0.789790466639917, 0.831552239037857, 0.916785272204897, 0.938154176584468
freqs:, 35, 0.5, 0.333333333333333, 0.0, 0.265209548037785, 0.465229596377279, 0.500320093854226, 0.686362755482121, 0.792862516986432, 0.832898568747171, 0.913396088608033, 0.933486683283833
freqs:, 36, 0.5, 0.34313725490196, 0.0, 0.266265917893986, 0.467339723106372, 0.498874217544871, 0.685615233084385, 0.795934588175339, 0.831267011918406, 0.834323730763025, 0.909979816602527, 0.928909930772365
freqs:, 37, 0.5, 0.352941176470588, 0.0, 0.267282246084568, 0.469387482571232, 0.497486187150946, 0.684876782519148, 0.799022852060979, 0.831384703181227, 0.835808372453859, 0.906565947765317, 0.924428128486906
freqs:, 38, 0.5, 0.362745098039215, 0.0, 0.268258198987953, 0.471363195242051, 0.496160916503762, 0.684151991797832, 0.80210958295762, 0.831514759123489, 0.837362463131405, 0.903151640705637, 0.920044646743375
freqs:, 39, 0.5, 0.372549019607843, 0.0, 0.269190604001254, 0.473257116798918, 0.49490296289563, 0.683445688110592, 0.805186037347551, 0.831663578226202, 0.838987889556251, 0.899735025850801, 0.915762897400422
freqs:, 40, 0.5, 0.38235294117647, 0.0, 0.270076016354381, 0.47505955218243, 0.49371700178995, 0.682762896297509, 0.808236614166165, 0.831847316678362, 0.84068609149677, 0.896326551564525, 0.911586286023168
freqs:, 41, 0.5, 0.392156862745098, 0.0, 0.270909286365143, 0.476760913509631, 0.49260747419344, 0.682108785384293, 0.811238777972161, 0.832081100445936, 0.842458019622423, 0.892927526401967, 0.907517920369705
freqs:, 42, 0.5, 0.401960784313725, 0.0, 0.271685324234797, 0.478351811122205, 0.491578641206883, 0.681488604931462, 0.81416261105216, 0.832392120268776, 0.844304114100629, 0.889542905966125, 0.903561603162536
freqs:, 43, 0.5, 0.411764705882353, 0.0, 0.272400348516505, 0.479823149995766, 0.490634546799234, 0.68090761107438, 0.816961008697981, 0.832820437452884, 0.846224111612241, 0.886184359491581, 0.89972098482268
freqs:, 44, 0.5, 0.42156862745098, 0.0, 0.273050721994963, 0.481166212822858, 0.489778891540715, 0.680370982216338, 0.819561377162425, 0.83342612354959, 0.848216429304241, 0.882858692932075, 0.89600112529061
freqs:, 45, 0.5, 0.431372549019608, 0.0, 0.273633348659219, 0.482372782178055, 0.489015180551242, 0.679883727211812, 0.821867801693614, 0.834291486429718, 0.850277534994737, 0.879581130166657, 0.892408513562298
freqs:, 46, 0.5, 0.441176470588235, 0.0, 0.274145115427969, 0.483435254240682, 0.488346526157573, 0.679450587008365, 0.823775648733181, 0.835500692413426, 0.852400348055787, 0.876374701055759, 0.888952943684641
freqs:, 47, 0.5, 0.450980392156863, 0.0, 0.274583064674173, 0.484346745485393, 0.487775737404809, 0.679075935262423, 0.825222351787952, 0.83708272908774, 0.854571152048446, 0.873270317152149, 0.885650525821182
freqs:, 48, 0.5, 0.46078431372549, 0.0, 0.274944753039815, 0.485101210540803, 0.487305230637069, 0.678763678600559, 0.826233475545982, 0.838957230271709, 0.85676321079258, 0.870322872687314, 0.882529835091992
freqs:, 49, 0.5, 0.470588235294118, 0.0, 0.275302604423432, 0.485770099789437, 0.678517139347044, 0.82695394547455, 0.840944767896131, 0.858921262151582, 0.867619468100902, 0.879647522709121
freqs:, 50, 0.5, 0.480392156862745, 0.0, 0.275464245627651, 0.486166608421703, 0.678339079677951, 0.827306911686714, 0.842789962534056, 0.860925003953444, 0.865341427361582, 0.8771258512645
freqs:, 51, 0.5, 0.490196078431372, 0.0, 0.275556587814928, 0.486389133551889, 0.67823142975377, 0.827557233474664, 0.844157239138856, 0.862499808455899, 0.863760155310734, 0.875240339291657
freqs:, 52, 0.5, 0.5, 0.0, 0.27559527222734, 0.486462124018796, 0.678195409195662, 0.844673788623681, 0.863139887947705, 0.874496189394264
